1 0.3345448970794678
2 0.6015033721923828
3 0.9014050960540771
4 1.180067777633667
5 1.4405138492584229
6 1.652778148651123
7 1.8911330699920654
8 2.1336097717285156
9 2.37050199508667
10 2.6112253665924072
11 2.8820626735687256
12 3.181439161300659
13 3.4532318115234375
14 3.7235379219055176
15 3.9609899520874023
16 4.202832937240601
17 4.500042200088501
18 4.769996404647827
19 5.009994268417358
20 5.279928207397461
21 5.550473928451538
22 5.828894138336182
23 6.090768098831177
24 6.3728954792022705
25 6.6599507331848145
26 6.902301073074341
27 7.1716697216033936
28 7.440110445022583
29 7.680036544799805
30 7.926591157913208
31 8.190015316009521
32 8.429930686950684
33 8.699992418289185
34 8.97303056716919
35 9.240332126617432
36 9.480774164199829
37 9.750061750411987
38 10.023694038391113
39 10.289988994598389
40 10.533474445343018
41 10.799991846084595
42 11.039949893951416
43 11.310007333755493
44 11.580904245376587
45 11.820337057113647
46 12.090490341186523
47 12.359997272491455
48 12.630213975906372
49 12.870909214019775
50 13.117591381072998
51 13.381345510482788
52 13.681963920593262
53 13.923218011856079
54 14.189921379089355
55 14.460458755493164
56 14.730244159698486
57 15.005760908126831
58 15.240445137023926
59 15.512796401977539
60 15.779877185821533
61 16.04995346069336
62 16.28995132446289
63 16.559940099716187
64 16.82996439933777
65 17.075101375579834
66 17.339953422546387
67 17.580077171325684
68 17.823095321655273
69 18.12066340446472
70 18.359962224960327
71 18.632571935653687
72 18.87290334701538
73 19.14330291748047
74 19.410430908203125
75 19.658123254776
76 19.89028024673462
77 20.16247320175171
78 20.400180101394653
79 20.64013934135437
80 20.881948232650757
81 21.153644800186157
82 21.449875354766846
83 21.72872304916382
84 21.96040368080139
85 22.202078104019165
86 22.472567796707153
87 22.710832118988037
88 22.95833945274353
89 23.19062876701355
90 23.46099305152893
91 23.73271942138672
92 23.981300592422485
93 24.21141242980957
94 24.493578910827637
95 24.760368824005127
96 25.024390935897827
97 25.27117371559143
98 25.531988382339478
99 25.810361862182617
100 26.100772380828857
101 26.342116117477417
102 26.615803480148315
103 26.884678602218628
104 27.173638105392456
105 27.39142632484436
106 27.63397526741028
107 27.871376514434814
108 28.15296196937561
109 28.410600185394287
110 28.649948120117188
111 28.920461416244507
112 29.197068214416504
113 29.43017268180847
114 29.73004460334778
115 30.00308918952942
116 30.243701934814453
117 30.510174989700317
118 30.75000286102295
119 31.04996156692505
120 31.290015697479248
121 31.530816555023193
122 31.77000069618225
123 32.046924352645874
124 32.346739292144775
125 32.61024045944214
126 32.85304260253906
127 33.15080285072327
128 33.420504093170166
129 33.69129514694214
130 33.99142789840698
131 34.234360218048096
132 34.47037982940674
133 34.74243903160095
134 34.979960441589355
135 35.252912282943726
136 35.48996710777283
137 35.734752893447876
138 36.00164222717285
139 36.24139070510864
140 36.480960845947266
141 36.77994894981384
142 37.05043148994446
143 37.319971561431885
144 37.56366753578186
145 37.830888748168945
146 38.07276010513306
147 38.339974880218506
148 38.61271667480469
149 38.85118508338928
150 39.12310838699341
151 39.40279221534729
152 39.68994879722595
153 39.930376052856445
154 40.20155715942383
155 40.44001889228821
156 40.680394887924194
157 40.95258069038391
158 41.19505834579468
159 41.46544337272644
160 41.73496174812317
161 42.000466108322144
162 42.30299472808838
163 42.541627407073975
164 42.81710124015808
165 43.051656007766724
166 43.3499391078949
167 43.62149667739868
168 43.89121723175049
169 44.13287377357483
170 44.403289556503296
171 44.676392555236816
172 44.952353715896606
173 45.24283051490784
174 45.452879667282104
175 45.69032311439514
176 45.96048593521118
177 46.204936265945435
178 46.47005081176758
179 46.71297860145569
180 47.01028108596802
181 47.284730672836304
182 47.520817041397095
183 47.76653170585632
184 48.060614347457886
185 48.33275246620178
186 48.57107734680176
187 48.81181478500366
188 49.05285334587097
189 49.355363607406616
190 49.62015700340271
191 49.860681772232056
192 50.10150599479675
193 50.37273359298706
194 50.620296001434326
195 50.883601903915405
196 51.15107464790344
197 51.395082235336304
198 51.66050100326538
199 51.90338635444641
200 52.14055609703064
201 52.38944101333618
202 52.63055896759033
203 52.89996147155762
204 53.17072105407715
205 53.41001629829407
206 53.64993238449097
207 53.92118692398071
208 54.15998196601868
209 54.407307147979736
210 54.67352557182312
211 54.939948320388794
212 55.21006989479065
213 55.484721660614014
214 55.74997353553772
215 55.99045658111572
216 56.23000931739807
217 56.50596618652344
218 56.739956855773926
219 57.009910583496094
220 57.253690242767334
221 57.52126932144165
222 57.75993824005127
223 58.03681778907776
224 58.26994466781616
225 58.540494441986084
226 58.810848236083984
227 59.051366329193115
228 59.319968700408936
229 59.58985662460327
230 59.86097192764282
231 60.1304292678833
232 60.403318643569946
233 60.700419187545776
234 60.97042536735535
235 61.24140810966492
236 61.5099561214447
237 61.780985832214355
238 62.05144762992859
239 62.28993821144104
240 62.53313851356506
241 62.775859355926514
242 63.03996253013611
243 63.288525342941284
244 63.550190448760986
245 63.78993034362793
246 64.03057026863098
247 64.30359220504761
248 64.5455539226532
249 64.7997555732727
250 65.02008891105652
251 65.25995087623596
252 65.50144934654236
253 65.77211284637451
254 66.04179048538208
255 66.31058406829834
256 66.57988119125366
257 66.84996771812439
258 67.0974190235138
259 67.3613851070404
260 67.60583090782166
261 67.87039422988892
262 68.17609882354736
263 68.41134309768677
264 68.67994332313538
265 68.92315793037415
266 69.16257905960083
267 69.39991760253906
268 69.67006015777588
269 69.91444134712219
270 70.15042352676392
271 70.41029810905457
272 70.63092255592346
273 70.9110996723175
274 71.14082789421082
275 71.41009998321533
276 71.65125322341919
277 71.95212769508362
278 72.22359108924866
279 72.52131676673889
280 72.79281806945801
281 73.09151840209961
282 73.34968066215515
283 73.60055661201477
284 73.87842321395874
285 74.14319181442261
286 74.4100193977356
287 74.68366074562073
288 74.92452430725098
289 75.20965027809143
290 75.46394968032837
291 75.7027473449707
292 75.95434021949768
293 76.20075726509094
294 76.44991970062256
295 76.72007942199707
296 76.96099662780762
297 77.2500913143158
298 77.50039148330688
299 77.77583456039429
300 78.03992319107056
301 78.27993965148926
302 78.52632284164429
303 78.79055047035217
304 79.03084325790405
305 79.29987955093384
306 79.56993269920349
307 79.84735584259033
308 80.11084985733032
309 80.37997245788574
310 80.62042808532715
311 80.89092516899109
312 81.16145277023315
313 81.42987108230591
314 81.74204063415527
315 82.00027465820312
316 82.2424669265747
317 82.50993752479553
318 82.75686883926392
319 83.0409324169159
320 83.256422996521
321 83.52343773841858
322 83.82662272453308
323 84.0901038646698
324 84.32991194725037
325 84.60012221336365
326 84.87502837181091
327 85.11034297943115
328 85.35522150993347
329 85.62298440933228
330 85.86290645599365
331 86.09999752044678
332 86.34673357009888
333 86.58062100410461
334 86.85680627822876
335 87.12055659294128
336 87.39198923110962
337 87.63028001785278
338 87.90343189239502
339 88.17474603652954
340 88.40995979309082
341 88.67994952201843
342 88.91987109184265
343 89.19064044952393
344 89.46054291725159
345 89.70915126800537
346 89.94493341445923
347 90.1800389289856
348 90.43806266784668
349 90.72067070007324
350 90.96156525611877
351 91.23001098632812
352 91.5008339881897
353 91.77050709724426
354 92.01395606994629
355 92.28198289871216
356 92.55332326889038
357 92.79141449928284
358 93.06007766723633
359 93.3015615940094
360 93.54292964935303
361 93.8099992275238
362 94.08007979393005
363 94.32000303268433
364 94.56482481956482
365 94.83058953285217
366 95.12993812561035
367 95.37464261054993
368 95.67070889472961
369 95.9104278087616
370 96.17982912063599
371 96.42062020301819
372 96.66006255149841
373 96.93263554573059
374 97.19995975494385
375 97.47033524513245
376 97.7222056388855
377 97.98322701454163
378 98.2499167919159
379 98.56384062767029
380 98.8199610710144
381 99.04157328605652
382 99.30394196510315
383 99.54838609695435
384 99.81556630134583
385 100.0505759716034
386 100.29008269309998
387 100.56003713607788
388 100.83475995063782
389 101.10363626480103
390 101.34010696411133
391 101.60993528366089
392 101.85039854049683
393 102.08998513221741
394 102.33011221885681
395 102.62994003295898
396 102.87048244476318
397 103.12115740776062
398 103.36155676841736
399 103.63558578491211
400 103.87201428413391
401 104.14286994934082
402 104.38121581077576
403 104.62513589859009
404 104.91969084739685
405 105.19590353965759
406 105.43499302864075
407 105.71285629272461
408 105.94047927856445
409 106.2153754234314
410 106.48050618171692
411 106.75492906570435
412 107.02766942977905
413 107.26971578598022
414 107.53466558456421
415 107.80179929733276
416 108.08526158332825
417 108.31072497367859
418 108.5857343673706
419 108.88408088684082
420 109.1821801662445
421 109.42289471626282
422 109.69190382957458
423 109.9623806476593
424 110.20358347892761
425 110.45137286186218
426 110.71203112602234
427 110.98409938812256
428 111.25402092933655
429 111.52073001861572
430 111.76237106323242
431 112.03953886032104
432 112.33966708183289
433 112.57551836967468
434 112.8423113822937
435 113.11056995391846
436 113.3893620967865
437 113.61991763114929
438 113.89029216766357
439 114.16034269332886
440 114.43054842948914
441 114.67029166221619
442 114.91029453277588
443 115.18022871017456
444 115.4561414718628
445 115.72149229049683
446 115.96252703666687
447 116.20405673980713
448 116.47068905830383
449 116.73997640609741
450 116.97994208335876
451 117.22648191452026
452 117.48980498313904
453 117.73000645637512
