1 0.3353700637817383
2 0.6697952747344971
3 0.9338843822479248
4 1.1403403282165527
5 1.2962005138397217
6 1.455718755722046
7 1.563265323638916
8 1.7121145725250244
9 1.8616831302642822
10 1.9612054824829102
11 2.090710163116455
12 2.1915128231048584
13 2.3106775283813477
14 2.4033288955688477
15 2.499326705932617
16 2.584385633468628
17 2.7110555171966553
18 2.7985827922821045
19 2.8913466930389404
20 2.951350212097168
21 3.0745604038238525
22 3.1632354259490967
23 3.2441506385803223
24 3.3345155715942383
25 3.4300789833068848
26 3.500368356704712
27 3.611471652984619
28 3.69775128364563
29 3.7899727821350098
30 3.8811113834381104
31 3.968203067779541
32 4.041345119476318
33 4.130657196044922
34 4.211361646652222
35 4.302764654159546
36 4.387426137924194
37 4.446613073348999
38 4.513332366943359
39 4.630781650543213
40 4.722900867462158
41 4.810439825057983
42 4.898694276809692
43 4.991805553436279
44 5.076192617416382
45 5.1690614223480225
46 5.223417282104492
47 5.34262228012085
48 5.447001934051514
49 5.554592132568359
50 5.680547475814819
51 5.805833339691162
52 5.946764707565308
53 6.062816143035889
54 6.186438322067261
55 6.304311037063599
56 6.431845426559448
57 6.5179831981658936
58 6.612639427185059
59 6.749988555908203
60 6.840704441070557
61 6.930050373077393
62 7.030049562454224
63 7.163150787353516
64 7.228746175765991
65 7.3438451290130615
66 7.460318326950073
67 7.580703973770142
68 7.710658073425293
69 7.834291696548462
70 7.942217588424683
71 8.069551944732666
72 8.189450740814209
73 8.31147289276123
74 8.374388694763184
75 8.480252981185913
76 8.555781364440918
77 8.635154485702515
78 8.76016879081726
79 8.877147436141968
80 8.964340448379517
81 9.05956244468689
82 9.17364764213562
83 9.289551019668579
84 9.391207933425903
85 9.510111808776855
86 9.63463807106018
87 9.76081895828247
88 9.87131643295288
89 9.972452163696289
90 10.050245761871338
91 10.139572381973267
92 10.259527921676636
93 10.373090982437134
94 10.482925415039062
95 10.56327223777771
96 10.653164386749268
97 10.761455059051514
98 10.892391204833984
99 10.979834794998169
100 11.065385580062866
101 11.198670864105225
102 11.313661813735962
103 11.410746574401855
104 11.519434452056885
105 11.63024115562439
106 11.729810237884521
107 11.819548606872559
108 11.94260048866272
109 12.030029296875
110 12.13965368270874
111 12.255530834197998
112 12.370660781860352
113 12.48198413848877
114 12.570798635482788
115 12.696469783782959
116 12.818747520446777
117 12.937432050704956
118 13.052994012832642
119 13.144150495529175
120 13.251355648040771
121 13.383038759231567
122 13.499566793441772
123 13.618525743484497
124 13.754700660705566
125 13.86094331741333
126 13.954684972763062
127 14.050636768341064
128 14.159538269042969
129 14.255451917648315
130 14.369680166244507
131 14.508358478546143
132 14.557246446609497
133 14.663884401321411
134 14.789417505264282
135 14.90950870513916
136 14.990345001220703
137 15.080293416976929
138 15.201552867889404
139 15.322855234146118
140 15.443087577819824
141 15.570144176483154
142 15.688735246658325
143 15.779930591583252
144 15.860687971115112
145 15.979654312133789
146 16.113953828811646
147 16.206228256225586
148 16.29482626914978
149 16.401150941848755
150 16.525308847427368
151 16.620364665985107
152 16.739620208740234
153 16.851346731185913
154 16.948209285736084
155 17.040334224700928
156 17.169910192489624
157 17.251376390457153
158 17.377514362335205
159 17.465725660324097
160 17.59957718849182
161 17.719456672668457
162 17.820504665374756
163 17.95961880683899
164 18.06499195098877
165 18.20036816596985
166 18.319575786590576
167 18.450485467910767
168 18.607577085494995
169 18.739933013916016
170 18.860161066055298
171 18.979564428329468
172 19.130090475082397
173 19.250113248825073
174 19.374130964279175
175 19.489781618118286
176 19.621107816696167
177 19.77476143836975
178 19.940190315246582
179 20.080300331115723
180 20.22307276725769
181 20.359993934631348
182 20.52246356010437
183 20.696998834609985
184 20.842585802078247
185 21.00763249397278
186 21.143216848373413
187 21.289599657058716
188 21.409565687179565
189 21.542552947998047
190 21.71175503730774
191 21.89641809463501
192 22.042091608047485
193 22.189718008041382
194 22.309581756591797
195 22.4596905708313
196 22.580010175704956
197 22.729599952697754
198 22.910285711288452
199 23.029585123062134
200 23.15105438232422
201 23.26968216896057
202 23.39161992073059
203 23.53998041152954
204 23.6895854473114
205 23.811125993728638
206 23.945301294326782
207 24.0820529460907
208 24.230749368667603
209 24.33173179626465
210 24.46955370903015
211 24.591402053833008
212 24.725242376327515
213 24.871643543243408
214 24.973844051361084
215 25.082496881484985
216 25.210367679595947
217 25.331766843795776
218 25.414284229278564
219 25.508667707443237
220 25.6273033618927
221 25.740372896194458
222 25.838796377182007
223 25.961793899536133
224 26.060060501098633
225 26.164052724838257
226 26.2711923122406
227 26.374197483062744
228 26.46654725074768
229 26.583208560943604
230 26.682053565979004
231 26.810110569000244
232 26.88910222053528
233 26.978591203689575
234 27.041136980056763
235 27.158845901489258
236 27.245790243148804
237 27.366193532943726
238 27.458937406539917
239 27.58390474319458
240 27.67059826850891
241 27.794191122055054
242 27.91999626159668
243 27.983501195907593
244 28.085289001464844
245 28.211347818374634
246 28.30355191230774
247 28.386642456054688
248 28.503702402114868
249 28.610577821731567
250 28.730711698532104
251 28.839319705963135
252 28.971882581710815
253 29.066916942596436
254 29.13938307762146
255 29.224058866500854
256 29.312554359436035
257 29.4063401222229
258 29.525147676467896
259 29.642107009887695
260 29.75021505355835
261 29.845966815948486
262 29.975934982299805
263 30.072774410247803
264 30.186782598495483
265 30.30855894088745
266 30.41000509262085
267 30.48408341407776
268 30.574982404708862
269 30.699596881866455
270 30.812315464019775
271 30.938807725906372
272 31.05349373817444
273 31.162572622299194
274 31.26922106742859
275 31.392587661743164
276 31.49436068534851
277 31.59389328956604
278 31.714749813079834
279 31.8368980884552
280 31.970251321792603
281 32.08486580848694
282 32.20269060134888
283 32.33379626274109
284 32.43611764907837
285 32.55709791183472
286 32.67854332923889
287 32.791935205459595
288 32.9229953289032
289 33.06004238128662
290 33.216532945632935
291 33.41080093383789
292 33.541335105895996
293 33.72280144691467
294 33.95095348358154
295 34.14650273323059
296 34.32682132720947
297 34.5091769695282
298 34.67238426208496
299 34.82004499435425
300 34.969605922698975
301 35.119728803634644
302 35.23996615409851
303 35.39269399642944
304 35.49396800994873
305 35.6595573425293
306 35.760409116744995
307 35.88043212890625
308 36.029274702072144
309 36.16956377029419
310 36.302366971969604
311 36.44232416152954
312 36.55977177619934
313 36.69125580787659
314 36.82957935333252
315 36.95648646354675
316 37.0995876789093
317 37.249701738357544
318 37.40006613731384
319 37.520140409469604
320 37.670064210891724
321 37.78990459442139
322 37.89962863922119
323 38.04377746582031
324 38.17991065979004
325 38.29957365989685
326 38.45033073425293
327 38.570021629333496
328 38.673426389694214
329 38.79705572128296
330 38.91169238090515
331 39.0495707988739
332 39.17017674446106
333 39.32635998725891
334 39.440362215042114
335 39.56142497062683
336 39.69215273857117
337 39.81070256233215
338 39.934091567993164
339 40.050612926483154
340 40.22194528579712
341 40.35313892364502
342 40.47410345077515
343 40.614633560180664
344 40.73399806022644
345 40.84955167770386
346 40.95046329498291
347 41.090436935424805
348 41.21001887321472
349 41.31242060661316
350 41.451122760772705
351 41.550151348114014
352 41.67682409286499
353 41.810338497161865
354 41.92958068847656
355 42.07958912849426
356 42.23168110847473
357 42.33285617828369
358 42.46958041191101
359 42.589555501937866
360 42.71006369590759
361 42.82953953742981
362 42.949902296066284
363 43.10020327568054
364 43.21961808204651
365 43.34069323539734
366 43.48986196517944
367 43.60949230194092
368 43.72980332374573
369 43.83031892776489
370 43.95647931098938
371 44.08995866775513
372 44.212080240249634
373 44.31141996383667
374 44.43109059333801
375 44.576253175735474
376 44.673547983169556
377 44.780683279037476
378 44.89998269081116
379 45.03045439720154
380 45.15475821495056
381 45.303601026535034
382 45.39514923095703
383 45.48291826248169
384 45.62009119987488
385 45.72037148475647
386 45.84646677970886
387 45.942779779434204
388 46.05005359649658
389 46.13954758644104
390 46.23331379890442
391 46.349849462509155
392 46.44031500816345
393 46.56254482269287
394 46.65496635437012
395 46.77184510231018
396 46.89047980308533
397 47.03580069541931
398 47.131791830062866
399 47.253039836883545
400 47.36306619644165
401 47.45415949821472
402 47.59648060798645
403 47.69716000556946
404 47.791608810424805
405 47.87954902648926
406 48.00459027290344
407 48.09876751899719
408 48.20162844657898
409 48.30359673500061
410 48.391047954559326
411 48.49003577232361
412 48.630263805389404
413 48.72027111053467
414 48.847299098968506
415 48.959980726242065
416 49.079445123672485
417 49.199514627456665
418 49.31943655014038
419 49.43944835662842
420 49.56006193161011
421 49.67101263999939
422 49.799479484558105
423 49.91950511932373
424 50.029468059539795
425 50.16106963157654
426 50.28152513504028
427 50.42955160140991
428 50.550676345825195
429 50.67396330833435
430 50.792072057724
431 50.90942716598511
432 51.03166961669922
433 51.1508309841156
434 51.259568214416504
435 51.39407396316528
436 51.539897441864014
437 51.631784200668335
438 51.74959969520569
439 51.91563892364502
440 52.03278589248657
441 52.13956928253174
442 52.259523153305054
443 52.379626750946045
444 52.53078889846802
445 52.68354511260986
446 52.80031681060791
447 52.909685134887695
448 53.0453314781189
449 53.16040396690369
450 53.30957365036011
451 53.430078983306885
452 53.58024311065674
453 53.70288801193237
454 53.82071352005005
455 53.941474199295044
456 54.05960202217102
457 54.17965745925903
458 54.30673003196716
459 54.41959476470947
460 54.540133237838745
461 54.66145396232605
462 54.78091382980347
463 54.89063620567322
464 55.01098895072937
465 55.13961386680603
466 55.26014709472656
467 55.380157709121704
468 55.522300004959106
469 55.64028072357178
470 55.79027986526489
471 55.91535186767578
472 56.03072667121887
473 56.15883231163025
474 56.28259229660034
475 56.3964147567749
476 56.49044752120972
477 56.61530590057373
478 56.751853942871094
479 56.915573835372925
480 57.04984784126282
481 57.171088457107544
482 57.28954267501831
483 57.409592151641846
484 57.51010274887085
485 57.65074968338013
486 57.774704694747925
487 57.889575481414795
488 58.020060539245605
489 58.162375926971436
490 58.290236473083496
491 58.45955777168274
492 58.56630539894104
493 58.70049595832825
494 58.82160949707031
495 58.921077489852905
496 59.040417432785034
497 59.18011975288391
498 59.302515745162964
499 59.41974878311157
500 59.56951594352722
501 59.67122745513916
502 59.81083536148071
503 59.940667390823364
504 60.08490514755249
505 60.18024468421936
506 60.32464957237244
507 60.42052602767944
508 60.55954337120056
509 60.68296957015991
510 60.79960489273071
511 60.92627811431885
512 61.07158875465393
513 61.190563678741455
514 61.30960392951965
515 61.45971941947937
516 61.579575538635254
517 61.69973540306091
518 61.819544315338135
519 61.97166109085083
520 62.092211961746216
521 62.20950484275818
522 62.34101128578186
523 62.48135757446289
524 62.5995774269104
525 62.72216987609863
526 62.839999198913574
527 62.961334466934204
528 63.08304762840271
529 63.230021238327026
530 63.38002586364746
531 63.50516629219055
532 63.64957332611084
533 63.859609842300415
534 64.13534212112427
535 65.21152925491333
536 65.45095801353455
537 65.69106602668762
538 65.90991449356079
539 66.054208278656
540 66.23033905029297
541 66.39036917686462
542 66.5317280292511
543 66.68077945709229
544 66.80816435813904
545 66.9858410358429
546 67.16027212142944
547 67.31561183929443
548 67.46090865135193
549 67.61385345458984
550 67.79462194442749
551 67.95483303070068
552 68.12841987609863
553 68.30433893203735
554 68.48052883148193
555 68.67334818840027
556 68.8441367149353
557 69.05449843406677
558 69.23552227020264
559 69.41284656524658
560 69.59556698799133
561 69.7809796333313
562 69.95302057266235
563 70.11055612564087
564 70.2495973110199
565 70.43342876434326
566 70.56357598304749
567 70.6997344493866
568 70.83081197738647
569 71.02957773208618
570 71.19117832183838
571 71.32998323440552
572 71.47960448265076
573 71.62960815429688
574 71.75003099441528
575 71.8995463848114
576 72.04960179328918
577 72.22997212409973
578 72.38183784484863
579 72.53092169761658
580 72.64971399307251
581 72.82957053184509
582 73.0095911026001
583 73.19023180007935
584 73.37025046348572
585 73.5195791721344
586 73.6696264743805
587 73.85006618499756
588 74.0295786857605
589 74.1837203502655
590 74.33000445365906
591 74.47956109046936
592 74.61310863494873
593 74.79211211204529
594 74.94568085670471
595 75.07984113693237
596 75.21444392204285
597 75.36032342910767
598 75.54347395896912
599 75.68945527076721
600 75.84104943275452
601 75.98972463607788
602 76.13773345947266
603 76.28959631919861
604 76.45223116874695
605 76.61338233947754
606 76.76958203315735
607 76.8894875049591
608 77.07345008850098
609 77.20958423614502
610 77.37023186683655
611 77.49006819725037
612 77.64003038406372
613 77.76499080657959
614 77.88817071914673
615 78.03007459640503
616 78.1495270729065
617 78.27083897590637
618 78.42359113693237
619 78.54715490341187
620 78.65981125831604
621 78.78475666046143
622 78.92957282066345
623 79.05232906341553
624 79.20439720153809
625 79.32969355583191
626 79.44721364974976
627 79.59016180038452
628 79.71161651611328
629 79.82958745956421
630 79.9501485824585
631 80.10021543502808
632 80.24956178665161
633 80.34431076049805
634 80.46012091636658
635 80.58355045318604
636 80.69955635070801
637 80.82111263275146
638 80.94123840332031
639 81.06268572807312
640 81.18371438980103
641 81.30052256584167
642 81.4195568561554
643 81.53968644142151
644 81.63233470916748
645 81.78004622459412
646 81.90244889259338
647 82.05238890647888
648 82.17392826080322
649 82.26583647727966
650 82.37957334518433
651 82.50152063369751
652 82.61739015579224
653 82.71069765090942
654 82.83956789970398
655 82.9408712387085
656 83.04956364631653
657 83.16474270820618
658 83.31098914146423
659 83.40080380439758
660 83.51150226593018
661 83.61860084533691
662 83.73737621307373
663 83.7959041595459
664 83.91519451141357
665 84.02946257591248
666 84.15085649490356
667 84.26983141899109
668 84.36719274520874
669 84.45146894454956
670 84.57126545906067
671 84.66013145446777
672 84.75392866134644
673 84.84534645080566
674 84.95098042488098
675 85.07948207855225
676 85.1695806980133
677 85.26744794845581
678 85.38372445106506
679 85.49943709373474
680 85.59544658660889
681 85.71421766281128
682 85.8000419139862
683 85.8908703327179
684 86.01538014411926
685 86.10617518424988
686 86.21957898139954
687 86.31281661987305
688 86.40010499954224
689 86.52027750015259
690 86.6297218799591
691 86.73191213607788
692 86.8819649219513
693 86.99953126907349
694 87.11957263946533
695 87.24670815467834
696 87.36522698402405
697 87.4800705909729
698 87.57245826721191
699 87.69281053543091
700 87.83950161933899
701 87.97209000587463
702 88.08470416069031
703 88.19957089424133
704 88.29034733772278
705 88.44051480293274
706 88.5675253868103
707 88.64958143234253
708 88.775155544281
709 88.8609390258789
710 88.95310068130493
711 89.06946802139282
712 89.19385957717896
713 89.29963684082031
714 89.3930652141571
715 89.52398252487183
716 89.64336204528809
717 89.75960040092468
718 89.85025930404663
719 89.94174146652222
720 90.06546688079834
721 90.17944741249084
722 90.27015662193298
723 90.39165592193604
724 90.51069688796997
725 90.60006880760193
726 90.71948862075806
727 90.84950685501099
728 90.93858933448792
729 91.0248863697052
730 91.13423180580139
731 91.25986456871033
732 91.3852527141571
733 91.49059772491455
734 91.60959315299988
735 91.7404215335846
736 91.83859181404114
737 91.92272114753723
738 92.04442405700684
739 92.16284036636353
740 92.28005743026733
741 92.37515997886658
742 92.5038537979126
743 92.61449885368347
744 92.70023703575134
745 92.79703617095947
746 92.91463088989258
747 93.03011870384216
748 93.15014839172363
749 93.27820444107056
750 93.39313006401062
751 93.51350784301758
752 93.62309646606445
753 93.7494444847107
754 93.85956907272339
755 94.02690839767456
756 94.14110469818115
757 94.25948548316956
758 94.35275363922119
759 94.44638299942017
760 94.56283760070801
761 94.67063975334167
762 94.79034948348999
763 94.92008233070374
764 95.05957341194153
765 95.16110062599182
766 95.31050205230713
767 95.39440727233887
768 95.51242399215698
769 95.63215637207031
770 95.75991678237915
771 95.85654473304749
772 95.96045589447021
773 96.08332538604736
774 96.17457914352417
775 96.30067181587219
776 96.38101696968079
777 96.50966334342957
778 96.62020802497864
779 96.7096779346466
780 96.80929803848267
781 96.93000435829163
782 97.04220795631409
783 97.1625759601593
784 97.28797221183777
785 97.40894484519958
786 97.52107572555542
787 97.64999270439148
788 97.76762700080872
789 97.86622285842896
790 97.970862865448
791 98.0988438129425
792 98.21786165237427
793 98.36043167114258
794 98.45099234580994
795 98.57545971870422
796 98.69006943702698
797 98.78521037101746
798 98.93590331077576
799 99.02644491195679
800 99.12046003341675
801 99.24003767967224
802 99.36066746711731
803 99.44257378578186
804 99.57238841056824
805 99.68657660484314
806 99.78020739555359
807 99.92597484588623
808 100.04829597473145
809 100.19076228141785
810 100.37097811698914
811 100.5613112449646
812 100.7941997051239
813 101.06258344650269
814 101.33337044715881
815 101.5436635017395
816 101.75527000427246
817 101.90124416351318
818 102.02705144882202
819 102.14991235733032
820 102.24489617347717
821 102.3574275970459
822 102.47800517082214
823 102.59758377075195
824 102.69483828544617
825 102.800297498703
826 102.93066763877869
827 103.041170835495
828 103.16132235527039
829 103.28912281990051
830 103.38893246650696
831 103.52205038070679
832 103.64102792739868
833 103.77084970474243
834 103.85331225395203
835 103.9258394241333
836 104.03622364997864
837 104.13029909133911
838 104.25112652778625
839 104.36779046058655
840 104.4887068271637
841 104.61317372322083
842 104.70268750190735
843 104.82599234580994
844 104.91027522087097
845 105.07623767852783
846 105.16948795318604
847 105.27174282073975
848 105.36361026763916
849 105.4580283164978
850 105.57294082641602
851 105.69112038612366
852 105.82682180404663
853 105.93656396865845
854 106.05488991737366
855 106.17185115814209
856 106.26309776306152
857 106.38286662101746
858 106.51820182800293
859 106.63108539581299
860 106.75800800323486
861 106.8604736328125
862 106.95522832870483
863 107.04369401931763
864 107.17331123352051
865 107.28305053710938
866 107.37861704826355
867 107.49270677566528
868 107.61468553543091
869 107.70448303222656
870 107.82252526283264
871 107.92064952850342
872 108.04208183288574
873 108.14490628242493
874 108.2530779838562
875 108.38230156898499
876 108.46143341064453
877 108.57611441612244
878 108.67996001243591
879 108.79092836380005
880 108.91516256332397
881 108.9731297492981
882 109.0602958202362
883 109.15006375312805
884 109.2666323184967
885 109.35398459434509
886 109.44358444213867
887 109.50401973724365
888 109.62898993492126
889 109.74679780006409
890 109.84756755828857
891 109.94026064872742
892 110.03129076957703
893 110.12008357048035
894 110.21009016036987
895 110.317223072052
896 110.40548539161682
897 110.529292345047
898 110.67571544647217
899 110.75008201599121
900 110.86910510063171
901 110.97504997253418
902 111.06096529960632
903 111.15675067901611
904 111.24352741241455
905 111.32018899917603
906 111.42407584190369
907 111.55911183357239
908 111.68719005584717
909 111.77992868423462
910 111.87012052536011
911 111.9624137878418
912 112.08288860321045
913 112.1896743774414
914 112.304851770401
915 112.41036820411682
916 112.54129600524902
917 112.65659785270691
918 112.77003407478333
919 112.86006379127502
920 112.98092865943909
921 113.0648365020752
922 113.19500613212585
923 113.31039834022522
924 113.42957377433777
925 113.55006313323975
926 113.66971135139465
927 113.7551019191742
928 113.88487434387207
929 114.02527141571045
930 114.12474942207336
931 114.23993420600891
932 114.33027839660645
933 114.4496431350708
934 114.54678988456726
935 114.6521544456482
936 114.7766785621643
937 114.89913249015808
938 115.01625537872314
939 115.13689303398132
940 115.24939322471619
941 115.34385681152344
942 115.46648406982422
943 115.56096744537354
944 115.65008735656738
945 115.76792550086975
946 115.887366771698
947 116.00932335853577
948 116.09442067146301
949 116.211843252182
950 116.30051898956299
951 116.4000837802887
952 116.51959037780762
953 116.63294410705566
954 116.75031447410583
955 116.85036897659302
956 116.96042609214783
957 117.05186796188354
958 117.17399597167969
959 117.2998263835907
960 117.39029502868652
961 117.48223447799683
962 117.59987187385559
963 117.70956826210022
964 117.78009223937988
