1 11.10384563189716 0.99 1524751593.6038716
1 11.534418142464796 0.99 1524751593.847696
2 10.107637439123609 0.99 1524751594.045312
1 12.195070304339879 0.99 1524751594.0903285
2 10.700838123822281 0.99 1524751594.2793667
1 12.170099295992598 0.99 1524751594.3397744
2 11.030939137620745 0.99 1524751594.5829673
1 12.130296744648922 0.99 1524751594.605159
2 11.172052419133585 0.99 1524751594.8284945
1 12.144052543014391 0.99 1524751594.851206
1 12.02433208380702 0.99 1524751595.087682
2 11.042612111275302 0.99 1524751595.1281369
1 12.029398001785198 0.99 1524751595.3375552
2 10.875520741335151 0.99 1524751595.3831267
1 12.043848075054306 0.99 1524751595.5834801
2 11.571664846635727 0.99 1524751595.6144433
1 11.998559989032453 0.99 1524751595.8438518
2 11.707498587123123 0.99 1524751595.864658
1 12.077341117108874 0.99 1524751596.0859375
2 12.44680217736736 0.99 1524751596.1076608
2 12.67086223637846 0.99 1524751596.329362
1 12.068674124905234 0.99 1524751596.3539426
1 12.092821158641614 0.99 1524751596.5780954
2 12.218423881043547 0.99 1524751596.6030803
1 12.195505179828976 0.99 1524751596.8251982
2 11.841547049286863 0.99 1524751596.8611617
1 12.226404227738087 0.99 1524751597.0698547
2 11.967142142294248 0.99 1524751597.0964339
1 12.19335369056715 0.99 1524751597.318735
2 11.648004568457614 0.99 1524751597.3587193
1 12.096666373492535 0.99 1524751597.5670135
2 11.685022390792193 0.99 1524751597.6260712
1 12.12516979151437 0.99 1524751597.8112013
2 11.597108877444844 0.99 1524751597.8966765
1 12.021783866028837 0.99 1524751598.0670002
2 11.380365407802849 0.99 1524751598.1501796
1 12.060281790905233 0.99 1524751598.3083932
2 11.683733023114002 0.99 1524751598.3836415
1 12.09684184956708 0.99 1524751598.5580094
2 12.038042105805214 0.99 1524751598.6271355
1 12.117021598139825 0.99 1524751598.8037517
2 12.015962637990643 0.99 1524751598.8944151
1 12.132204093285287 0.99 1524751599.0493517
2 12.103578604950721 0.99 1524751599.140978
1 12.170885123630768 0.99 1524751599.2984943
2 11.987527884519709 0.99 1524751599.383813
1 12.134157218288928 0.99 1524751599.5511868
2 11.43993572041381 0.99 1524751599.670746
1 12.052866019407038 0.99 1524751599.7991579
2 11.85463909032688 0.99 1524751599.9092548
1 12.138628043492568 0.99 1524751600.0447123
2 11.795129812872283 0.99 1524751600.158502
1 12.107797660134358 0.99 1524751600.2905767
2 11.690042532403107 0.99 1524751600.4104054
1 12.134767569852569 0.99 1524751600.5400743
2 12.26669506033267 0.99 1524751600.6476772
1 12.015199698536096 0.99 1524751600.7949343
2 11.98394206908334 0.99 1524751600.912922
1 11.979066885968802 0.99 1524751601.0433855
2 12.041444815772481 0.99 1524751601.155521
1 11.990549124759717 0.99 1524751601.2904975
2 11.273561513560944 0.99 1524751601.4756553
1 11.986955679928807 0.99 1524751601.5413828
2 10.949281727800676 0.99 1524751601.744983
1 12.070718802643414 0.99 1524751601.7898715
2 10.926034962620648 0.99 1524751602.0114677
1 12.105180777805266 0.99 1524751602.0366051
2 11.027017628824376 0.99 1524751602.24518
1 12.13471416409074 0.99 1524751602.2796893
1 12.071825064852511 0.99 1524751602.530004
2 11.324411428206433 0.99 1524751602.5561218
2 11.50479320344477 0.99 1524751602.7908688
1 11.999864615499718 0.99 1524751602.8212793
1 11.894372977119632 0.99 1524751603.0422482
2 11.41707042496106 0.99 1524751603.0651736
1 11.846193350565047 0.99 1524751603.2913954
2 11.077531850109875 0.99 1524751603.327505
1 11.962961234083334 0.99 1524751603.5341773
2 11.241342580395463 0.99 1524751603.6020396
1 12.055597342654318 0.99 1524751603.7897031
2 11.420412099771974 0.99 1524751603.8390906
1 12.04662517466886 0.99 1524751604.039957
2 11.777368582370446 0.99 1524751604.076016
1 12.071382559968876 0.99 1524751604.286979
2 11.081308400409867 0.99 1524751604.4120092
1 12.05330852429067 0.99 1524751604.5307844
2 11.477304494897474 0.99 1524751604.6473734
1 11.999513663350628 0.99 1524751604.789511
2 11.44686321066108 0.99 1524751604.885626
1 12.06907848281615 0.99 1524751605.0303602
2 10.918924366904287 0.99 1524751605.1759825
1 12.11462596825255 0.99 1524751605.2739797
2 11.320451772437337 0.99 1524751605.473713
1 12.184732474730785 0.99 1524751605.518945
2 11.318765676242794 0.99 1524751605.7088718
1 12.328020133689082 0.99 1524751605.76115
2 11.202051198486343 0.99 1524751605.958398
1 12.269174613559942 0.99 1524751606.0184062
2 11.186838185762685 0.99 1524751606.2562027
1 12.094514884230708 0.99 1524751606.2857254
2 11.73789409499224 0.99 1524751606.4940016
1 11.936983145656033 0.99 1524751606.5209649
2 11.746103323523146 0.99 1524751606.7315462
1 11.934618033346938 0.99 1524751606.7620986
2 11.572999990681183 0.99 1524751606.9960096
1 12.041856803077934 0.99 1524751607.018282
1 12.1611042398235 0.99 1524751607.2511578
2 11.924577750125115 0.99 1524751607.277068
2 11.928339041636022 0.99 1524751607.5002272
1 12.062761344132506 0.99 1524751607.5236843
1 12.067026175683415 0.99 1524751607.7585824
2 11.66454509583218 0.99 1524751607.7822716
2 11.913698233503284 0.99 1524751608.0065622
1 11.928941763805113 0.99 1524751608.0280778
1 11.916353262805105 0.99 1524751608.2642252
2 11.488321340621123 0.99 1524751608.3049467
1 12.023942984685192 0.99 1524751608.511737
2 11.563043630799367 0.99 1524751608.5357864
1 11.898530997146914 0.99 1524751608.7685735
2 11.75650218828861 0.99 1524751608.7925746
1 11.88277629741054 0.99 1524751609.0231009
2 10.650476490427698 0.99 1524751609.1277297
1 11.917429007436013 0.99 1524751609.2681139
2 11.245958364095458 0.99 1524751609.3659518
1 11.933969534810574 0.99 1524751609.5222523
2 10.583757435127637 0.99 1524751609.6688306
1 11.966684378621512 0.99 1524751609.7723837
2 10.657945667687699 0.99 1524751609.908702
1 12.079515494554341 0.99 1524751610.0191483
2 11.267450368530028 0.99 1524751610.193398
1 12.054132498901593 0.99 1524751610.2665677
2 11.27334026111912 0.99 1524751610.4312446
1 12.069528617094328 0.99 1524751610.5115077
2 11.997102774674273 0.99 1524751610.6698163
1 12.09081462787616 0.99 1524751610.7670684
2 11.927347220345123 0.99 1524751610.9127738
1 12.028787650221563 0.99 1524751611.015092
2 11.941614188145124 0.99 1524751611.2028081
1 11.99905589967791 0.99 1524751611.2619212
2 11.966760672566965 0.99 1524751611.4338207
1 12.07030681533797 0.99 1524751611.510388
2 11.580942190403016 0.99 1524751611.7078402
1 12.130258597676198 0.99 1524751611.7497654
2 11.526460683953882 0.99 1524751611.9538114
1 12.167635001554412 0.99 1524751612.0040011
2 12.005426444123371 0.99 1524751612.2031453
1 12.178880729114416 0.99 1524751612.254146
2 11.583269155739384 0.99 1524751612.4700534
1 12.172357596778049 0.99 1524751612.4943912
2 11.71461681223403 0.99 1524751612.731365
1 12.045320548201584 0.99 1524751612.7540338
2 11.792444265992275 0.99 1524751612.9699473
1 12.112299002916183 0.99 1524751612.9962325
2 11.66075328674308 0.99 1524751613.227874
1 12.06660655898342 0.99 1524751613.25172
2 11.858461416994148 0.99 1524751613.4856038
1 12.031106986163383 0.99 1524751613.5101156
2 12.146310843799839 0.99 1524751613.719792
1 12.109781302716174 0.99 1524751613.741273
2 12.191797294079887 0.99 1524751613.9551268
1 11.994112052012449 0.99 1524751613.9989173
2 12.143823661178025 0.99 1524751614.215857
1 11.928354300425113 0.99 1524751614.246493
1 11.91769603624511 0.99 1524751614.4995797
2 11.819902456961396 0.99 1524751614.5265882
1 11.869340933615975 0.99 1524751614.749299
2 11.64338115536307 0.99 1524751614.7718263
1 11.928499258921487 0.99 1524751614.9994345
2 11.178316152055414 0.99 1524751615.0270855
1 11.99847606569245 0.99 1524751615.2562504
2 11.431390798522894 0.99 1524751615.2849808
1 11.903444327234196 0.99 1524751615.5081582
2 11.32841686034281 0.99 1524751615.5593255
1 12.000909842552458 0.99 1524751615.750124
2 11.510255849939325 0.99 1524751615.7904973
1 12.019044913387015 0.99 1524751615.997982
2 11.295099294362782 0.99 1524751616.089269
1 12.064264334857961 0.99 1524751616.2438526
2 11.231554067193633 0.99 1524751616.3326225
1 12.198152579736252 0.99 1524751616.490305
2 11.71776012278676 0.99 1524751616.5807815
1 12.218782462587177 0.99 1524751616.7337205
2 11.677446402008545 0.99 1524751616.8204575
1 12.251001395752658 0.99 1524751616.979227
2 12.136461295441658 0.99 1524751617.078337
1 12.158876456616218 0.99 1524751617.2298522
2 11.878328360390533 0.99 1524751617.342961
1 12.185510672974424 0.99 1524751617.475176
2 11.235796010560914 0.99 1524751617.6475937
1 12.078638114181608 0.99 1524751617.724045
2 11.258989369979107 0.99 1524751617.889451
1 12.068948783108866 0.99 1524751617.9719257
2 11.313257253380975 0.99 1524751618.1394706
1 12.116601981439818 0.99 1524751618.2241595
2 11.13080791222082 0.99 1524751618.4231734
1 12.09951213765799 0.99 1524751618.4705038
2 11.809305227937754 0.99 1524751618.6658995
1 12.108346976541629 0.99 1524751618.7201457
1 11.997095145279724 0.99 1524751618.9727428
2 10.908365284853362 0.99 1524751618.9973571
1 11.97500804807061 0.99 1524751619.2261436
2 10.864496266216973 0.99 1524751619.2472782
1 11.949693716968776 0.99 1524751619.4715397
2 11.256410634622746 0.99 1524751619.4928951
1 11.948656119310593 0.99 1524751619.7237833
2 10.999856984242532 0.99 1524751619.7548103
1 12.003320731228817 0.99 1524751619.9698324
2 11.506303823564776 0.99 1524751620.0282664
1 12.08057598039615 0.99 1524751620.2191262
2 11.639200247152148 0.99 1524751620.2766008
1 12.110780753401633 0.99 1524751620.4637713
2 11.044931447217111 0.99 1524751620.5742636
1 12.195718802876243 0.99 1524751620.7070394
2 11.186174428437228 0.99 1524751620.8283014
1 12.235513724825374 0.99 1524751620.948309
2 10.933435475329745 0.99 1524751621.1274798
1 12.190599479136244 0.99 1524751621.2020376
2 10.995767628766169 0.99 1524751621.3689535
1 12.182016410272608 0.99 1524751621.4437194
2 11.370241201241017 0.99 1524751621.6300118
1 12.17315868320532 0.99 1524751621.68985
2 10.985239064293424 0.99 1524751621.922612
1 12.216630973325362 0.99 1524751621.945866
2 11.618005789104858 0.99 1524751622.1625636
1 12.23462108566355 0.99 1524751622.184107
2 11.644517935150343 0.99 1524751622.4024189
1 12.21193126628536 0.99 1524751622.4295595
1 12.216363944516264 0.99 1524751622.6713266
2 11.169771230164491 0.99 1524751622.7033668
1 12.16471294344349 0.99 1524751622.9200897
2 11.324068105451886 0.99 1524751622.979201
1 12.164217032798046 0.99 1524751623.1688848
2 11.11554149373535 0.99 1524751623.2376814
1 12.196863212058071 0.99 1524751623.4110355
2 10.770830189382341 0.99 1524751623.5151026
1 12.189889945443518 0.99 1524751623.659934
2 11.461488760004736 0.99 1524751623.750243
1 12.19296459144534 0.99 1524751623.9079726
2 11.599138296393935 0.99 1524751624.01424
1 12.190698661265339 0.99 1524751624.1517699
2 11.358095205124643 0.99 1524751624.294238
1 12.20744518229262 0.99 1524751624.3977115
2 11.429643667171984 0.99 1524751624.56159
1 12.120142020508919 0.99 1524751624.6501937
2 10.800272022933283 0.99 1524751624.8639748
1 12.114053763661632 0.99 1524751624.8925543
2 11.069154774898957 0.99 1524751625.1001217
1 12.102869071257993 0.99 1524751625.1473315
2 11.26790813220275 0.99 1524751625.3606727
1 12.012208975874284 0.99 1524751625.3938365
1 11.9447803868815 0.99 1524751625.6527567
2 10.950349843037037 0.99 1524751625.67647
2 11.520082510113877 0.99 1524751625.906304
1 11.81205943936866 0.99 1524751625.9319584
2 11.473604238542922 0.99 1524751626.1457274
1 11.831895865186855 0.99 1524751626.167615
2 11.709802664275847 0.99 1524751626.3843184
1 11.807390249906843 0.99 1524751626.4077837
1 11.949602164234228 0.99 1524751626.6597624
2 11.842157400850509 0.99 1524751626.687493
2 11.914255179305107 0.99 1524751626.917812
1 11.975770987525152 0.99 1524751626.943074
2 11.847536124005059 0.99 1524751627.1586602
1 11.834482229937773 0.99 1524751627.1870618
1 11.865762747574163 0.99 1524751627.425896
2 11.500070608221135 0.99 1524751627.448149
2 12.001314200463359 0.99 1524751627.6767082
1 11.781671560894091 0.99 1524751627.7060843
2 11.917696036245106 0.99 1524751627.9189162
1 11.822374380794127 0.99 1524751627.9424515
1 11.93373302357967 0.99 1524751628.178083
2 11.567010915963007 0.99 1524751628.2037635
1 12.01223186405792 0.99 1524751628.4254277
2 11.724458731197675 0.99 1524751628.4511695
1 12.016908682914277 0.99 1524751628.6704693
2 10.980402028151607 0.99 1524751628.762517
1 12.124338187508922 0.99 1524751628.9212897
2 10.340448413678356 0.99 1524751629.0793283
1 12.083780326105243 0.99 1524751629.171878
2 10.677103077391353 0.99 1524751629.3213534
1 12.080827750416148 0.99 1524751629.412091
2 10.32382396296379 0.99 1524751629.6147866
1 12.14246562894893 0.99 1524751629.664371
2 10.934305226307933 0.99 1524751629.8612545
1 12.102388419401624 0.99 1524751629.9069095
2 11.555147207444808 0.99 1524751630.117566
1 12.206689872232626 0.99 1524751630.1524303
2 11.65859416808672 0.99 1524751630.3530557
1 12.16221050203259 0.99 1524751630.4008431
2 12.058656729867048 0.99 1524751630.6096027
1 12.163728751547131 0.99 1524751630.6497025
2 12.142969168988932 0.99 1524751630.8489225
1 12.131517447776202 0.99 1524751630.8971536
2 12.162591971759857 0.99 1524751631.103969
1 12.115900077141644 0.99 1524751631.14372
2 11.60085491016666 0.99 1524751631.3861878
1 12.101175345668905 0.99 1524751631.4089577
2 11.875688589877809 0.99 1524751631.6225102
1 12.02588085089975 0.99 1524751631.6489732
2 11.848955191390505 0.99 1524751631.861898
1 12.097429312947083 0.99 1524751631.8865867
1 12.055414237185222 0.99 1524751632.1447122
2 11.389566457624674 0.99 1524751632.1756017
1 6 frame freq 1524751632.1765428
2 11.730730093514046 0.99 1524751632.406846
2 6 frame freq 1524751632.4084108
1 15.124223752178668 0.99 1524751632.4420865
1 20.483890631206144 0.99 1524751632.7264848
2 13.516321222328257 0.99 1524751632.751712
1 21.09302149171574 0.99 1524751633.0149827
2 19.412372684874335 0.99 1524751633.0450792
1 20.726245978337253 0.99 1524751633.306195
2 19.739261723569168 0.99 1524751633.363814
1 20.434940435802453 0.99 1524751633.5992706
2 19.92486963407114 0.99 1524751633.6335914
1 20.66592798506084 0.99 1524751633.8836823
2 19.54619226520173 0.99 1524751633.9731715
1 21.11319361089393 0.99 1524751634.1640904
2 19.598850346354507 0.99 1524751634.2393122
1 21.30960474407226 0.99 1524751634.4494448
2 22.2287941989094 0.99 1524751634.514475
1 21.228977302515847 0.99 1524751634.7349877
2 21.709018807316237 0.99 1524751634.7956645
1 21.202442268286735 0.99 1524751635.013851
2 20.38834009391878 0.99 1524751635.1015139
1 21.43165979801055 0.99 1524751635.2872472
2 20.815830329090037 0.99 1524751635.366433
1 21.668186287708938 0.99 1524751635.5673854
2 20.88789758996647 0.99 1524751635.6735935
1 21.349506477545024 0.99 1524751635.8491335
2 19.818424321372852 0.99 1524751635.9741626
1 20.997135261068376 0.99 1524751636.1382
2 20.407917120322434 0.99 1524751636.262567
1 21.26431665805041 0.99 1524751636.4177668
2 20.427768804929737 0.99 1524751636.559786
1 21.211322883537633 0.99 1524751636.7051957
2 21.202808479224924 0.99 1524751636.8268995
1 21.031559089257488 0.99 1524751636.9905803
2 20.658313849304452 0.99 1524751637.1417732
1 20.84865198442463 0.99 1524751637.2829084
2 20.701511481220855 0.99 1524751637.4083931
1 21.061023810992058 0.99 1524751637.5559242
2 22.410419565458625 0.99 1524751637.675769
1 21.30134973917408 0.99 1524751637.8470225
2 20.52301416643525 0.99 1524751637.9912782
1 20.573459723169854 0.99 1524751638.1444397
2 18.772159670986543 0.99 1524751638.3191166
1 20.634143927384454 0.99 1524751638.4265444
2 17.321323486643532 0.99 1524751638.6857607
1 21.403202156355974 0.99 1524751638.707251
1 21.18730554950854 0.99 1524751638.995326
2 17.142368408185202 0.99 1524751639.0240479
1 20.46664819953339 0.99 1524751639.2881932
2 19.536792851121703 0.99 1524751639.3093438
1 20.854480841857356 0.99 1524751639.5689204
2 19.87173853045655 0.99 1524751639.6224978
1 21.368396858439592 0.99 1524751639.8512192
2 18.391635988637123 0.99 1524751639.9505382
1 21.22209558863584 0.99 1524751640.1303282
2 18.49777612555358 0.99 1524751640.2675335
1 20.947971442617416 0.99 1524751640.420002
2 20.4246102355879 0.99 1524751640.5409186
1 20.899356940573764 0.99 1524751640.7079597
2 22.268177133553063 0.99 1524751640.8093402
1 21.17488489518852 0.99 1524751640.9890318
2 19.72945032218369 0.99 1524751641.1465337
1 21.13971338633395 0.99 1524751641.2778249
2 19.29748926180878 0.99 1524751641.4287622
1 21.052753547304775 0.99 1524751641.5602646
2 19.756672001921903 0.99 1524751641.7569396
1 20.922107795108307 0.99 1524751641.8493412
2 17.984851930262238 0.99 1524751642.097197
1 21.318714241159554 0.99 1524751642.1192782
1 21.223056892348566 0.99 1524751642.4118257
2 18.097965333793248 0.99 1524751642.438623
1 20.26390466888233 0.99 1524751642.711017
2 18.720005129873755 0.99 1524751642.7436242
1 20.075718023023978 0.99 1524751643.013419
2 19.80701074713284 0.99 1524751643.039185
1 20.36468897082786 0.99 1524751643.304404
2 21.043949225999334 0.99 1524751643.326462
1 20.315570928744183 0.99 1524751643.6064641
2 18.777256106542893 0.99 1524751643.66845
1 20.39867029413335 0.99 1524751643.8925812
2 16.74725732346486 0.99 1524751644.025238
1 21.109790900926658 0.99 1524751644.1705258
2 17.11333093254517 0.99 1524751644.3634875
1 21.420734505021446 0.99 1524751644.4473815
2 18.13916406433873 0.99 1524751644.6860912
1 21.35258875294139 0.99 1524751644.7300785
2 18.86034021314298 0.99 1524751645.0011134
1 21.346531013672312 0.99 1524751645.0226033
2 20.287418462871432 0.99 1524751645.2825859
1 21.45808802071603 0.99 1524751645.3101113
1 21.377033333065054 0.99 1524751645.5720067
2 20.796802619093658 0.99 1524751645.593185
2 20.41827783811517 0.99 1524751645.868124
1 20.77100000674092 0.99 1524751645.8907986
1 20.842594245155517 0.99 1524751646.1484065
2 19.00375757180856 0.99 1524751646.2127724
1 21.386325935621436 0.99 1524751646.4308207
2 19.47168359807074 0.99 1524751646.4859793
1 21.370823005905045 0.99 1524751646.7084658
2 21.488239387959684 0.99 1524751646.7773366
1 21.16957483658489 0.99 1524751646.9991462
2 19.97932825233662 0.99 1524751647.0812402
1 21.25513086701768 0.99 1524751647.2805247
2 18.580204104222748 0.99 1524751647.4126742
1 21.219287971443116 0.99 1524751647.5635524
2 19.993747808027543 0.99 1524751647.6852074
1 21.155460456675772 0.99 1524751647.844826
2 20.963016608661075 0.99 1524751647.9846191
1 21.417423347788716 0.99 1524751648.1259544
2 18.34125146705892 0.99 1524751648.3362625
1 21.231357673614024 0.99 1524751648.4063737
2 19.33531579996518 0.99 1524751648.608969
1 21.235538581824937 0.99 1524751648.689184
2 19.952213384122054 0.99 1524751648.9402106
1 21.56102381192339 0.99 1524751648.962931
1 21.44092188298874 0.99 1524751649.2499611
2 18.694599246037377 0.99 1524751649.2717586
1 20.761554816293632 0.99 1524751649.5441034
2 18.47299585206992 0.99 1524751649.5969832
1 20.711856940224504 0.99 1524751649.8258421
2 19.681293583812757 0.99 1524751649.8635526
1 21.37904749322505 0.99 1524751650.1022658
2 20.395725347838788 0.99 1524751650.1752946
1 21.512638191716086 0.99 1524751650.3883362
2 17.82924279911303 0.99 1524751650.530338
1 21.29545984658499 0.99 1524751650.6674924
2 19.00795373880855 0.99 1524751650.806446
1 21.511020760072448 0.99 1524751650.9426887
2 19.94766626497297 0.99 1524751651.1363611
1 21.51065454913425 0.99 1524751651.223202
2 18.491733645073587 0.99 1524751651.4572992
1 21.41762171204692 0.99 1524751651.5040247
2 19.46321497012528 0.99 1524751651.7489793
1 21.229129890406757 0.99 1524751651.7875648
2 20.64860925944264 0.99 1524751652.0383503
1 21.056491950632058 0.99 1524751652.0706375
2 21.25725183870132 0.99 1524751652.3157847
1 21.506977180963347 0.99 1524751652.3464308
2 20.698993781020867 0.99 1524751652.6172628
1 21.571048836356127 0.99 1524751652.6381416
2 20.579746344275303 0.99 1524751652.896583
1 20.785907843682747 0.99 1524751652.92216
1 20.126087285813114 0.99 1524751653.2346
2 19.481403446721657 0.99 1524751653.2598217
1 20.083484746671264 0.99 1524751653.5238204
2 19.171192264503237 0.99 1524751653.5475607
1 20.66423425947173 0.99 1524751653.8079624
2 19.498233891088947 0.99 1524751653.857871
1 20.999286750330185 0.99 1524751654.094574
2 19.830158330183764 0.99 1524751654.1370122
1 20.7868233710282 0.99 1524751654.383744
2 20.611789801366246 0.99 1524751654.4320626
1 21.153003791632152 0.99 1524751654.6606007
2 18.613742922644587 0.99 1524751654.7717772
1 21.613193611825242 0.99 1524751654.943261
2 19.793613530311013 0.99 1524751655.0359435
1 21.520984749348816 0.99 1524751655.2231047
2 20.538242437947986 0.99 1524751655.3553035
1 21.09257898683208 0.99 1524751655.5072896
2 18.607288454859123 0.99 1524751655.682907
1 21.316715339788637 0.99 1524751655.7830172
2 18.70720300582648 0.99 1524751655.9987917
1 21.941043954232786 0.99 1524751656.05276
2 18.872745608673902 0.99 1524751656.317274
1 21.482441048105134 0.99 1524751656.3401554
2 19.32255945228517 0.99 1524751656.621479
1 20.822391608399155 0.99 1524751656.643711
2 20.17590723219498 0.99 1524751656.9181643
1 20.641819098297173 0.99 1524751656.9431603
1 20.76880274111182 0.99 1524751657.206151
2 18.934421634179404 0.99 1524751657.2532952
1 21.13078699471576 0.99 1524751657.4896939
2 17.873310182007625 0.99 1524751657.5829146
1 21.2826729813268 0.99 1524751657.7701592
2 17.893009278723984 0.99 1524751657.9233418
1 20.992374518872023 0.99 1524751658.0623744
2 19.91606531276567 0.99 1524751658.1877904
1 21.083164313963003 0.99 1524751658.3431036
2 20.508289434962528 0.99 1524751658.5076816
1 21.414005379032364 0.99 1524751658.6260908
2 20.41922388303882 0.99 1524751658.7728593
1 21.220401863046753 0.99 1524751658.9077034
2 20.439258673115177 0.99 1524751659.095601
1 21.520008186846997 0.99 1524751659.1809788
2 18.568332766309993 0.99 1524751659.4206743
1 21.65497217635619 0.99 1524751659.4644575
2 20.378192999173308 0.99 1524751659.683862
1 21.00830469468293 0.99 1524751659.748409
2 19.652088261492715 0.99 1524751660.035055
1 20.97417078348654 0.99 1524751660.0651395
2 18.996860599139442 0.99 1524751660.3192155
1 20.65327844890445 0.99 1524751660.345174
1 20.67573938644629 0.99 1524751660.6212037
2 19.838199712034687 0.99 1524751660.6496181
1 20.992588141919274 0.99 1524751660.903824
2 18.00780114905499 0.99 1524751660.9826932
1 20.90027246791922 0.99 1524751661.190091
2 19.398853397739785 0.99 1524751661.2570512
1 21.181537727232175 0.99 1524751661.468163
2 19.137058353306834 0.99 1524751661.610141
1 21.438037971850555 0.99 1524751661.7461386
2 19.31062707921606 0.99 1524751661.8747349
1 21.114414314021214 0.99 1524751662.0377033
2 19.84469995618743 0.99 1524751662.2135575
1 20.948703864493783 0.99 1524751662.3236485
2 17.64516076752014 0.99 1524751662.5583768
1 21.248218635559503 0.99 1524751662.6020498
1 21.50595484209426 0.99 1524751662.8759012
2 17.175159545941572 0.99 1524751662.919641
1 21.027347663468394 0.99 1524751663.1714463
2 17.13713464352701 0.99 1524751663.2543519
1 20.934375861537408 0.99 1524751663.4494457
2 18.251697633884277 0.99 1524751663.569435
1 21.413166145632346 0.99 1524751663.7326055
2 20.02592859422031 0.99 1524751663.8568547
1 21.626682381381627 0.99 1524751664.0056727
2 20.188236333780427 0.99 1524751664.163692
1 21.706318001647137 0.99 1524751664.292816
2 19.63599023900181 0.99 1524751664.4653053
1 21.23176966091947 0.99 1524751664.5685163
2 19.730396367107318 0.99 1524751664.7718306
1 21.28067407995588 0.99 1524751664.8493147
2 18.989551639164887 0.99 1524751665.1013286
1 21.637043099174363 0.99 1524751665.1261783
2 19.551227665601736 0.99 1524751665.3866458
1 21.440662483574197 0.99 1524751665.4091897
1 20.909778693522856 0.99 1524751665.705953
2 19.770008183587368 0.99 1524751665.736834
2 19.453266239638022 0.99 1524751666.009664
1 20.097141362907625 0.99 1524751666.0329463
1 20.27971277438051 0.99 1524751666.2902727
2 18.95122156096851 0.99 1524751666.3403602
1 21.311130622981363 0.99 1524751666.568087
2 19.95933923862752 0.99 1524751666.6047962
1 21.50859461260698 0.99 1524751666.8490698
2 22.215793710603922 0.99 1524751666.8778481
1 20.947849372304713 0.99 1524751667.1443694
2 21.263248542814058 0.99 1524751667.1702394
1 20.755817511595456 0.99 1524751667.428133
2 19.567554569929005 0.99 1524751667.4926536
1 21.310184578057736 0.99 1524751667.709796
2 20.388156988449694 0.99 1524751667.7658215
1 21.248493293763136 0.99 1524751667.9902768
2 21.142093757432146 0.99 1524751668.057831
1 21.330432991181368 0.99 1524751668.268026
2 21.17137537369762 0.99 1524751668.3306391
1 21.368000129923235 0.99 1524751668.5551043
2 20.46551904914066 0.99 1524751668.6460845
1 21.41835413392327 0.99 1524751668.8280053
2 18.150074098538763 0.99 1524751668.9842472
1 21.611545662603444 0.99 1524751669.1101615
2 19.30817041417244 0.99 1524751669.266432
1 21.362201790068674 0.99 1524751669.3891432
2 21.390949348715967 0.99 1524751669.547128
1 21.462024788301502 0.99 1524751669.6712534
2 19.946338750322052 0.99 1524751669.8679824
1 21.667209725207123 0.99 1524751669.9488528
2 20.51782617814434 0.99 1524751670.1302845
1 21.201740363988534 0.99 1524751670.2351449
2 20.851993659235518 0.99 1524751670.4432173
1 20.61496362949716 0.99 1524751670.53008
2 19.09595117549591 0.99 1524751670.765656
1 20.653995611991718 0.99 1524751670.8191218
2 20.720722296686333 0.99 1524751671.025894
1 21.21162805931945 0.99 1524751671.0948443
2 20.211093999838628 0.99 1524751671.3542812
1 21.352832893566863 0.99 1524751671.3781295
1 21.166278938141247 0.99 1524751671.6611574
2 18.216968629913342 0.99 1524751671.6827426
1 21.242176155079488 0.99 1524751671.9459562
2 19.28424463287786 0.99 1524751671.9809198
1 21.50421534013789 0.99 1524751672.0065618
2 18.493320559139026 0.99 1524751672.0306578
1 4 frame freq 1524751672.0315938
2 4 frame freq 1524751672.031936
1 21.47726831860332 0.99 1524751672.2451622
2 18.881504153612088 0.99 1524751672.3162792
1 21.313175300719543 0.99 1524751672.5093677
2 14.249849360901587 0.99 1524751672.5673394
1 15.314577146087917 0.99 1524751672.7696052
2 15.173524899731442 0.99 1524751672.8132584
1 15.401353879647987 0.99 1524751673.0202527
2 14.590715450403678 0.99 1524751673.1418424
1 15.560190244689935 0.99 1524751673.2748647
2 14.58444408808731 0.99 1524751673.3958967
1 15.79309277197922 0.99 1524751673.5285122
2 13.606462518882877 0.99 1524751673.6959062
1 15.69523815753915 0.99 1524751673.7879186
2 14.224863093765203 0.99 1524751673.9838068
1 15.698122068677321 0.99 1524751674.0417035
2 13.594255487610138 0.99 1524751674.277828
1 15.609705015289986 0.99 1524751674.3032823
2 14.162408870016058 0.99 1524751674.5452728
1 15.45494274693531 0.99 1524751674.5664232
1 15.196771664911454 0.99 1524751674.8333974
2 13.832765619890331 0.99 1524751674.8556046
1 15.159662289842334 0.99 1524751675.0885417
2 14.115472834772378 0.99 1524751675.1294026
1 15.223970456466029 0.99 1524751675.3505526
2 13.46751598542094 0.99 1524751675.4355557
1 15.447900815769849 0.99 1524751675.6102967
2 14.200891536103358 0.99 1524751675.6995406
1 15.52221111864264 0.99 1524751675.8671236
2 14.097978633079645 0.99 1524751675.9746473
1 15.555437131888125 0.99 1524751676.125947
2 15.217325253816936 0.99 1524751676.2224002
1 15.474466367577143 0.99 1524751676.3865886
2 14.56026653677275 0.99 1524751676.5208302
1 15.399812741949802 0.99 1524751676.642434
2 15.068178219847711 0.99 1524751676.7753174
1 15.452852292829851 0.99 1524751676.9023895
2 14.953393978911262 0.99 1524751677.025765
1 15.393106504144345 0.99 1524751677.1660745
2 14.656915706874647 0.99 1524751677.3383353
1 15.264452023924246 0.99 1524751677.427318
2 13.979105036666812 0.99 1524751677.6302094
1 15.190904660505995 0.99 1524751677.6968002
2 13.914278071214028 0.99 1524751677.892262
1 15.229242368096934 0.99 1524751677.950598
2 14.744264645025623 0.99 1524751678.1531785
1 15.447572751804396 0.99 1524751678.207644
1 15.516000791482634 0.99 1524751678.467018
2 14.173395198161524 0.99 1524751678.488284
1 15.445650144378941 0.99 1524751678.7327034
2 14.197908442836086 0.99 1524751678.7601786
1 15.168581052065985 0.99 1524751678.997974
2 13.99521068855229 0.99 1524751679.0241387
1 15.134767575440495 0.99 1524751679.2570207
2 14.518037837963627 0.99 1524751679.308724
1 15.084199948393179 0.99 1524751679.526719
2 14.758142513703822 0.99 1524751679.5484316
1 15.3210850196352 0.99 1524751679.7804904
2 15.241586728471496 0.99 1524751679.8017912
1 15.12256817356231 0.99 1524751680.0491776
2 14.51823620222181 0.99 1524751680.130918
1 15.366533322942512 0.99 1524751680.3036184
2 14.393281978356246 0.99 1524751680.381577
1 15.357286496753416 0.99 1524751680.5670044
2 14.404756587752617 0.99 1524751680.6293995
1 15.322237058211563 0.99 1524751680.8346856
2 15.895982786819314 0.99 1524751680.8897707
1 15.058122677836804 0.99 1524751681.1009502
2 15.405023618424362 0.99 1524751681.158192
1 15.07682232386772 0.99 1524751681.3581274
2 15.140283627696867 0.99 1524751681.4248204
1 15.375566526084338 0.99 1524751681.608882
2 14.393678706872615 0.99 1524751681.717348
1 15.564416929268132 0.99 1524751681.8695004
2 14.498849910681795 0.99 1524751681.9857476
1 15.506219907675355 0.99 1524751682.130208
2 14.867982906974825 0.99 1524751682.229097
1 15.423784299611643 0.99 1524751682.3883488
2 14.89887432548939 0.99 1524751682.527854
1 15.474550290917136 0.99 1524751682.650232
2 14.942201657113063 0.99 1524751682.7896934
1 15.555917783744489 0.99 1524751682.9053426
2 14.9176884124385 0.99 1524751683.033892
1 15.599947019666333 0.99 1524751683.1614487
2 14.622720760521895 0.99 1524751683.3441222
1 15.461587949584398 0.99 1524751683.4224145
2 14.063997309774154 0.99 1524751683.647557
1 15.488222165942611 0.99 1524751683.676905
2 13.920633356870397 0.99 1524751683.9004712
1 15.393762632075259 0.99 1524751683.9389186
2 14.41132549645627 0.99 1524751684.178562
1 15.55758099175539 0.99 1524751684.1997387
2 15.259187741687873 0.99 1524751684.4317997
1 15.507005735313538 0.99 1524751684.459679
1 15.436845823073476 0.99 1524751684.720621
2 14.669900936391024 0.99 1524751684.7496903
1 15.298250241760638 0.99 1524751684.9789798
2 14.160020869523327 0.99 1524751685.026013
1 15.378427549038882 0.99 1524751685.2288835
2 14.286989253548885 0.99 1524751685.2990012
1 15.458490415398948 0.99 1524751685.4891856
2 13.787233393243014 0.99 1524751685.5842845
1 15.506235166464439 0.99 1524751685.7504618
2 13.932176630817679 0.99 1524751685.8856
1 15.277421994651531 0.99 1524751686.0159407
2 13.887239496944927 0.99 1524751686.135755
1 15.424257322073464 0.99 1524751686.270252
2 13.839998285919428 0.99 1524751686.451532
1 15.45453075962985 0.99 1524751686.5290518
2 14.705820125911057 0.99 1524751686.7016623
1 15.524744077631736 0.99 1524751686.7876956
2 13.530176202822814 0.99 1524751687.0221257
1 15.455301328478944 0.99 1524751687.0445144
2 14.578744930361852 0.99 1524751687.2786975
1 15.612978025549982 0.99 1524751687.302631
1 15.526727720213556 0.99 1524751687.5636995
2 13.717866938035687 0.99 1524751687.5846677
1 15.235803647406039 0.99 1524751687.834086
2 13.775629084139377 0.99 1524751687.8942833
1 14.927331967143965 0.99 1524751688.1032784
2 13.799463312699395 0.99 1524751688.1493335
1 14.913431210282136 0.99 1524751688.3658593
2 14.21659283007792 0.99 1524751688.4227288
1 15.224985165940577 0.99 1524751688.622093
2 14.218965571781553 0.99 1524751688.7343886
1 15.517412229473543 0.99 1524751688.8730037
2 12.385492362800042 0.99 1524751689.1147182
1 15.775186582981023 0.99 1524751689.1364756
1 15.564615293526304 0.99 1524751689.3914945
2 12.342065849047277 0.99 1524751689.414563
1 15.528406187013546 0.99 1524751689.6480043
2 12.358346977007297 0.99 1524751689.7071097
1 15.443552060878934 0.99 1524751689.9086666
2 14.209268611314279 0.99 1524751689.956731
1 15.677797361608217 0.99 1524751690.1623569
2 13.592805902646502 0.99 1524751690.2750163
1 15.457727475944408 0.99 1524751690.4279213
2 13.96328167237953 0.99 1524751690.5650127
1 15.297205014707902 0.99 1524751690.690204
2 13.777811090979373 0.99 1524751690.8311708
1 15.273630185562435 0.99 1524751690.9448245
2 14.108476679974194 0.99 1524751691.1259243
1 15.512887998508083 0.99 1524751691.1990678
2 14.639299434869185 0.99 1524751691.3849106
1 15.737100645410091 0.99 1524751691.4492986
2 13.662736933050187 0.99 1524751691.7112067
1 15.6511784040391 0.99 1524751691.7419677
2 14.302545589027076 0.99 1524751691.9681232
1 15.244775815391503 0.99 1524751691.9944074
1 15.233957333926032 0.99 1524751692.2432997
2 13.50645641518097 0.99 1524751692.2733436
1 15.24626354732786 0.99 1524751692.5021784
2 13.603548090166502 0.99 1524751692.5887558
1 15.431886716618925 0.99 1524751692.7666152
2 13.614526788917427 0.99 1524751692.8462725
1 15.432237668768018 0.99 1524751693.015849
2 14.056261103705056 0.99 1524751693.131078
1 15.496477170840798 0.99 1524751693.272826
2 14.95758251651671 0.99 1524751693.391807
1 15.625268980162723 0.99 1524751693.5277255
2 14.119524043276016 0.99 1524751693.6961162
1 15.587015195911787 0.99 1524751693.7943747
2 13.537424127640998 0.99 1524751694.014328
1 15.439912839680744 0.99 1524751694.04764
1 15.534578367200828 0.99 1524751694.3039787
2 12.874811211367723 0.99 1524751694.3294134
1 15.470926328508046 0.99 1524751694.5635705
2 13.305299798595343 0.99 1524751694.5982022
1 15.588579221793605 0.99 1524751694.8195057
2 14.054231684755967 0.99 1524751694.8672142
1 15.569406553300862 0.99 1524751695.0717034
2 14.93984417419852 0.99 1524751695.1254475
1 15.62449078191909 0.99 1524751695.3286347
2 14.345590633052579 0.99 1524751695.4352977
1 15.641572996306374 0.99 1524751695.587115
2 14.034082453761412 0.99 1524751695.72491
1 15.671136900170032 0.99 1524751695.8412478
2 14.154268306036052 0.99 1524751695.9743125
1 15.471139951555324 0.99 1524751696.1082664
2 15.176820798175083 0.99 1524751696.2248607
1 15.305940671462457 0.99 1524751696.3683476
2 14.647714657052822 0.99 1524751696.541324
1 15.15479473612233 0.99 1524751696.6294508
2 14.436327022381736 0.99 1524751696.8077047
1 15.423372312306192 0.99 1524751696.8835385
2 14.158380549696055 0.99 1524751697.0736432
1 15.645341917211827 0.99 1524751697.1402545
2 15.383623166724337 0.99 1524751697.321614
1 15.564996763253585 0.99 1524751697.4055753
2 15.339319272598852 0.99 1524751697.5877144
1 15.353548093426134 0.99 1524751697.668209
2 15.16154675029506 0.99 1524751697.8671103
1 15.204095883675102 0.99 1524751697.9288623
2 14.61129955688734 0.99 1524751698.1447356
1 15.368463559762516 0.99 1524751698.1830735
2 14.258813899492495 0.99 1524751698.43075
1 15.44509319857712 0.99 1524751698.453451
2 14.523462337485448 0.99 1524751698.6909685
1 15.30122570563337 0.99 1524751698.713024
2 14.62418560427462 0.99 1524751698.9667552
1 15.252260251440589 0.99 1524751698.9900649
1 15.387323423078893 0.99 1524751699.2215881
2 14.89762310478394 0.99 1524751699.2444205
1 15.56742291071904 0.99 1524751699.4821186
2 14.128763240070576 0.99 1524751699.5399895
1 15.470949216691688 0.99 1524751699.7492962
2 14.564149898596389 0.99 1524751699.791632
1 15.236764951118758 0.99 1524751700.0078707
2 13.537965814653722 0.99 1524751700.1219506
1 15.230531735775122 0.99 1524751700.2718327
2 13.647516290932 0.99 1524751700.4203384
1 15.408449216575269 0.99 1524751700.521965
2 13.26291088250077 0.99 1524751700.6920877
1 15.553659482959024 0.99 1524751700.7839131
2 14.073213618385068 0.99 1524751700.9736626
1 15.532487913095368 0.99 1524751701.044768
2 13.922708552186766 0.99 1524751701.2831962
1 15.550943418500847 0.99 1524751701.308163
1 15.435083432933475 0.99 1524751701.5604632
2 13.438341180679092 0.99 1524751701.5872438
1 15.52875713916264 0.99 1524751701.818557
2 13.18374828469706 0.99 1524751701.8838267
1 15.298021359924274 0.99 1524751702.0816016
2 13.011194268262383 0.99 1524751702.203381
1 15.30493359138245 0.99 1524751702.346832
2 13.891847651250385 0.99 1524751702.448765
1 15.229097409600573 0.99 1524751702.604667
2 14.63155559940553 0.99 1524751702.7083497
1 15.430604978335282 0.99 1524751702.8585472
2 15.166986508605984 0.99 1524751702.9946237
1 15.580354734473588 0.99 1524751703.1142151
2 14.891351742467563 0.99 1524751703.2544985
1 15.555849119193576 0.99 1524751703.3746269
2 14.453943294387212 0.99 1524751703.5341935
1 15.407121701924355 0.99 1524751703.6382942
2 14.910791439769403 0.99 1524751703.8012617
1 15.327417417107931 0.99 1524751703.8970144
2 14.68541149550194 0.99 1524751704.071794
1 15.485208555097156 0.99 1524751704.147258
2 14.98929790964219 0.99 1524751704.3345556
1 15.615167661784536 0.99 1524751704.4069412
2 15.387796445540706 0.99 1524751704.5790539
1 15.631235166697275 0.99 1524751704.6658015
2 15.881334349292029 0.99 1524751704.8274345
1 15.403383298597078 0.99 1524751704.9288936
2 15.249712033662412 0.99 1524751705.1271129
1 15.36427502215705 0.99 1524751705.186505
2 14.238122981485212 0.99 1524751705.4232879
1 15.412469907500721 0.99 1524751705.4458466
1 15.610445066560896 0.99 1524751705.7004814
2 13.374345819231774 0.99 1524751705.73462
1 15.403123899182535 0.99 1524751705.9692402
2 13.26382640984622 0.99 1524751706.0255558
1 15.293092771047908 0.99 1524751706.22854
2 13.999429743735918 0.99 1524751706.2806792
1 15.295366330622443 0.99 1524751706.4853942
2 13.896654169814022 0.99 1524751706.5877645
1 15.376123471886158 0.99 1524751706.7489445
2 14.804101986445678 0.99 1524751706.8368573
1 15.429605527649834 0.99 1524751707.008902
2 14.830446285811158 0.99 1524751707.0881069
1 15.412767453888002 0.99 1524751707.2610307
2 14.314897578796183 0.99 1524751707.429422
1 15.551660581588111 0.99 1524751707.5186076
1 15.705438658046424 0.99 1524751707.767452
2 12.859300652256804 0.99 1524751707.7911916
1 15.70870403891188 0.99 1524751708.0273004
2 12.711000481082127 0.99 1524751708.0542436
1 15.546342893589928 0.99 1524751708.2901237
2 13.757700006957535 0.99 1524751708.3171341
1 15.183809323578723 0.99 1524751708.5605006
2 14.3072987018289 0.99 1524751708.6111517
1 15.179224057456905 0.99 1524751708.815139
2 14.594392818574597 0.99 1524751708.863923
1 15.140749020764133 0.99 1524751709.0783076
2 13.925531428168584 0.99 1524751709.1610634
1 15.494806333435342 0.99 1524751709.3370166
2 15.062982602162258 0.99 1524751709.4045095
1 15.246980710415137 0.99 1524751709.6049278
2 14.812334103160225 0.99 1524751709.6654603
1 15.367960019722515 0.99 1524751709.8637285
2 15.37247662129342 0.99 1524751709.9421809
1 15.272401853040607 0.99 1524751710.1224148
2 15.217119260164203 0.99 1524751710.1938548
1 15.511835142060809 0.99 1524751710.377517
2 14.991785092264012 0.99 1524751710.4653676
1 15.448656125829846 0.99 1524751710.642244
2 14.632310909465538 0.99 1524751710.760785
1 15.371988340042513 0.99 1524751710.900801
2 14.490480464865424 0.99 1524751711.0271256
1 15.409662290307992 0.99 1524751711.1552794
2 13.988641779848637 0.99 1524751711.3230968
1 15.609483762848159 0.99 1524751711.409435
2 14.075227778545074 0.99 1524751711.6146564
1 15.668405576922753 0.99 1524751711.6692677
2 13.989740412663188 0.99 1524751711.8808377
1 15.663499876230032 0.99 1524751711.9221
2 14.106142085243288 0.99 1524751712.1766815
1 15.49270062054079 0.99 1524751712.203058
1 15.551164670942654 0.99 1524751712.4416077
