1 11.150735890773563 0.99 1524751201.9153657
1 11.481988943148385 0.9899666666666667 1524751202.17511
1 11.874475516145079 0.9899333333333333 1524751202.421135
2 9.940546069183469 0.99 1524751202.5889454
1 12.018266715143382 0.9899 1524751202.66877
2 10.536050831034883 0.99 1524751202.8731153
1 11.989450491945163 0.9898666666666667 1524751202.918939
2 11.268198049195476 0.9899666666666667 1524751203.1189175
1 12.107423819801625 0.9898 1524751203.1647158
2 11.554170644942994 0.9899333333333333 1524751203.3983517
1 12.052125968136128 0.9897333333333334 1524751203.423176
2 11.562624014099365 0.9899 1524751203.628443
1 12.020044364072474 0.9896333333333334 1524751203.670556
2 12.099519767052533 0.9898333333333333 1524751203.8640661
1 11.851182974597783 0.9895333333333334 1524751203.9331844
2 11.56727794477209 0.9898 1524751204.1556447
1 11.77895549643591 0.9894 1524751204.1803377
2 11.982629813221534 0.9897333333333334 1524751204.3955953
1 11.697282827826752 0.9892666666666666 1524751204.4438891
2 11.315073049282798 0.9897 1524751204.6914463
1 11.697366751166753 0.9891333333333333 1524751204.7189467
2 11.239625966622725 0.9896666666666667 1524751204.9333034
1 11.836496390097766 0.9889666666666667 1524751204.9560664
1 11.848886526839598 0.9887666666666667 1524751205.195977
2 11.469339406992018 0.9896333333333334 1524751205.217823
1 11.944994009928767 0.9885333333333334 1524751205.4479258
2 11.318979299290069 0.9896 1524751205.4694223
1 11.917505301381478 0.9882666666666666 1524751205.6984682
2 11.821664847101395 0.9895333333333334 1524751205.7216878
1 11.806634939846841 0.9879666666666667 1524751205.9612262
2 11.14458659876993 0.9895 1524751206.0107136
1 11.820703543388662 0.9876333333333334 1524751206.2138035
2 11.158700978679027 0.9894666666666667 1524751206.2756035
1 11.831308401806863 0.9872333333333333 1524751206.4645739
2 11.293405568773682 0.9894333333333334 1524751206.515693
1 11.705385244834027 0.9868 1524751206.7278361
2 11.18737987277542 0.9894 1524751206.7740345
1 11.776033438324998 0.9863333333333333 1524751206.9795325
2 11.813669241617758 0.9893 1524751207.0255067
1 11.800729788468649 0.9858 1524751207.226933
2 11.661180532837626 0.9892 1524751207.3052816
1 11.884714163625087 0.9852 1524751207.4737177
2 11.085924184109881 0.9891666666666666 1524751207.5987244
1 12.074884452065245 0.9844666666666667 1524751207.7231734
2 11.304224050239142 0.9891 1524751207.8358278
1 12.074090995032508 0.9836 1524751207.9728034
2 11.404100454233776 0.9890333333333333 1524751208.0769703
1 12.116952933588912 0.9826 1524751208.2182188
2 11.813371695230478 0.9889 1524751208.3285935
1 12.089563407170708 0.9814666666666667 1524751208.4639034
2 11.970270194057877 0.9887333333333334 1524751208.6014726
1 12.112985648425266 0.9801666666666666 1524751208.7135866
2 11.626161611873961 0.9886 1524751208.8685176
1 12.19149211829807 0.9786333333333334 1524751208.9569004
2 11.248415029139101 0.9885 1524751209.14303
1 12.090761222114345 0.9769333333333333 1524751209.2146432
2 11.031160390062563 0.9884 1524751209.4116035
1 11.994493521739715 0.9750666666666666 1524751209.4671102
2 11.535631216197517 0.9882333333333333 1524751209.6429598
1 11.988534964599719 0.9730333333333333 1524751209.708243
2 11.147783315084473 0.9881 1524751209.946425
1 12.0271320716052 0.9707666666666667 1524751209.9680245
2 11.455545461653818 0.9879333333333333 1524751210.1913893
1 11.952158011406956 0.9683 1524751210.2137086
1 11.988107718505171 0.9656 1524751210.469193
2 11.103555714904434 0.9878 1524751210.4979336
2 11.087160146026243 0.9876666666666667 1524751210.7284012
1 11.764032400704988 0.9628 1524751210.755087
1 11.680414236486738 0.9599 1524751210.983583
2 10.987848317227979 0.9875666666666667 1524751211.0368443
1 11.638834036213966 0.9568666666666666 1524751211.2494745
2 11.071535145997144 0.9874333333333334 1524751211.279105
1 11.601381338390302 0.9537 1524751211.5070944
2 11.100130116753526 0.9873 1524751211.5701075
1 11.574022329550283 0.9504333333333334 1524751211.765397
2 11.07180980420078 0.9871666666666666 1524751211.8084896
1 11.582498586890283 0.9470333333333333 1524751212.0195816
2 11.93785289663422 0.9869333333333333 1524751212.0471296
1 11.662729299930353 0.9434333333333333 1524751212.2763643
2 11.523325002795692 0.9867333333333334 1524751212.3151314
1 11.631258047430332 0.9397 1524751212.533396
2 12.235651053927196 0.9863666666666666 1524751212.5555058
1 11.724405325435857 0.9357333333333333 1524751212.793103
2 12.245943107169014 0.9859 1524751212.8153515
1 11.552843130292084 0.9316666666666666 1524751213.0594785
2 11.392908132435586 0.9855333333333334 1524751213.0968773
1 11.47762492946838 0.9275333333333333 1524751213.32102
2 11.792696036012277 0.9850666666666666 1524751213.3434787
1 11.492044485159305 0.9232666666666667 1524751213.5774553
2 11.306390798290055 0.9846666666666667 1524751213.612086
1 11.44835857199199 0.9189 1524751213.8380609
2 11.336748159186453 0.9842333333333333 1524751213.86024
1 11.588121450670291 0.9143333333333333 1524751214.092655
2 11.846597708475965 0.9836666666666667 1524751214.1143732
1 11.644365347259432 0.9095333333333333 1524751214.351476
2 11.294771230397329 0.9831666666666666 1524751214.3986158
1 11.633119619699416 0.9045666666666666 1524751214.6085248
2 11.567071951119363 0.9826 1524751214.649818
1 11.707674063197667 0.8993333333333333 1524751214.8622696
2 11.518083608742964 0.982 1524751214.8872762
1 11.67323497621946 0.8938666666666667 1524751215.1193922
2 11.452898061746547 0.9813666666666667 1524751215.1609066
1 11.54637340371753 0.8882666666666666 1524751215.3936203
2 12.054193534057953 0.9805333333333334 1524751215.4165924
1 11.377260244222846 0.8826333333333334 1524751215.6632254
2 11.77092174397954 0.9796666666666667 1524751215.6879613
1 11.257158315288203 0.8769666666666667 1524751215.9337652
2 11.122255360935357 0.9789 1524751215.967762
2 11.480142629668379 0.9780333333333333 1524751216.2046206
1 11.06334880564986 0.8713666666666666 1524751216.2311497
1 11.083169972678972 0.8657333333333334 1524751216.4768982
2 11.044130360789849 0.9772333333333333 1524751216.4990354
1 11.029275929609824 0.8601 1524751216.749028
2 11.053819691862577 0.9764333333333334 1524751216.7733676
1 10.970346486140693 0.8545333333333334 1524751217.02309
2 11.37648204597921 0.9755666666666667 1524751217.0462346
2 11.060792958477133 0.9747333333333333 1524751217.2867014
1 11.030572926682561 0.8489333333333333 1524751217.3150072
2 11.229715383108177 0.9738666666666667 1524751217.5488036
1 10.927637135475207 0.8434666666666667 1524751217.5705922
2 11.586618459944834 0.9728666666666667 1524751217.791627
1 10.980577504226154 0.8379333333333333 1524751217.8445563
2 11.615198171912137 0.9718 1524751218.0591636
1 10.937250172602488 0.8325 1524751218.124123
2 11.552492178142995 0.9707 1524751218.3252556
1 10.848917042555142 0.8273 1524751218.4022691
2 11.83002666352322 0.9694333333333334 1524751218.5609043
1 10.809183155762371 0.8223333333333334 1524751218.678356
2 11.378145253990116 0.9682 1524751218.8450425
1 10.668474232160442 0.8179333333333333 1524751218.9655921
2 11.46112254906655 0.9669 1524751219.102555
1 10.660783802458614 0.8139666666666666 1524751219.248994
2 11.321527517068251 0.9656 1524751219.3899317
1 10.728731190280484 0.8102333333333334 1524751219.52072
2 11.335649526371895 0.9642666666666667 1524751219.6189837
1 10.715234791329575 0.8068 1524751219.7993512
2 11.292383229904598 0.9629 1524751219.907449
1 10.747034107795058 0.8035666666666667 1524751220.0839572
2 11.183275258509964 0.9615333333333334 1524751220.1743784
1 10.7719135634078 0.8005 1524751220.3611917
2 11.15175060024812 0.9601666666666666 1524751220.4624815
1 10.734521900740496 0.7977 1524751220.6390793
2 11.022890126375273 0.9588333333333333 1524751220.707959
1 10.633333240884047 0.7954 1524751220.9274874
2 11.253938710790013 0.9574333333333334 1524751220.9736826
1 10.633829151529504 0.7934333333333333 1524751221.213749
2 11.431215322448349 0.9559333333333333 1524751221.2350118
2 11.70666698311767 0.9542666666666667 1524751221.4875698
1 10.519662891551224 0.7921 1524751221.5161424
2 11.581895864721194 0.9525666666666667 1524751221.7499137
1 10.400468860567493 0.7915333333333333 1524751221.791634
2 11.492273366995665 0.9508 1524751222.0196095
1 10.523599659136684 0.7911666666666667 1524751222.0671885
2 11.46335796166837 0.9489666666666666 1524751222.2709892
1 10.510011707451222 0.7911666666666667 1524751222.3539245
2 11.771554983726814 0.9469333333333333 1524751222.505285
1 10.483453785038463 0.7915333333333333 1524751222.6456192
2 11.819940603934123 0.9447333333333333 1524751222.758507
1 10.494485889551212 0.7921666666666667 1524751222.9381106
2 11.670839346332178 0.9424 1524751223.050841
1 10.47691539391301 0.7930666666666667 1524751223.2132711
2 11.578355825652107 0.9399666666666666 1524751223.307846
1 10.441804920214805 0.7942666666666667 1524751223.5041776
2 11.123376881933549 0.9376333333333333 1524751223.5844872
1 10.520212207958494 0.7954666666666667 1524751223.7868626
2 10.785821949664179 0.9356 1524751223.871697
1 10.540048633776705 0.7967 1524751224.0735068
2 10.697160755651375 0.9338666666666666 1524751224.1711092
1 10.430765186307521 0.7983333333333333 1524751224.3664703
2 10.62764934194768 0.9324666666666667 1524751224.4361925
1 10.47206309898209 0.7999333333333334 1524751224.6469884
2 10.556482349627622 0.9314666666666667 1524751224.7210534
1 10.514024768982138 0.8014666666666667 1524751224.9286265
2 10.633478199380418 0.9306666666666666 1524751224.9993894
1 10.53108409518578 0.803 1524751225.2097762
2 10.81622508692784 0.9298 1524751225.2793155
1 10.660142933316799 0.8041666666666667 1524751225.4927
2 10.83133128812785 0.9289666666666667 1524751225.5456276
1 10.695543324007737 0.8052333333333334 1524751225.7751162
2 10.99720958433526 0.928 1524751225.8117208
1 10.559656177758535 0.8066333333333333 1524751226.0673425
2 10.976312672675245 0.9270333333333334 1524751226.0929413
1 10.54447368261306 0.8080666666666667 1524751226.3480446
2 11.04084972113529 0.9260333333333334 1524751226.3702877
1 10.558153187033081 0.8094666666666667 1524751226.628868
2 11.032838856862565 0.9250333333333334 1524751226.6528428
2 11.29690746087005 0.9239666666666667 1524751226.8757203
1 10.600153004005843 0.8107 1524751226.9043546
2 11.42751506609379 0.9228 1524751227.1445897
1 10.69645885135319 0.8116 1524751227.1838517
2 11.227823293260904 0.9216666666666666 1524751227.4341636
1 10.741296803096859 0.8123666666666667 1524751227.4649098
2 11.151453053860838 0.9205666666666666 1524751227.7108526
1 10.703065907029558 0.8132 1524751227.74943
2 10.596185718842195 0.9201 1524751228.008937
1 10.65663341182589 0.8141666666666667 1524751228.0344713
2 10.360040698871096 0.9203666666666667 1524751228.3047776
1 10.6578617443477 0.8151 1524751228.3273687
2 10.576623951227639 0.9206 1524751228.5691152
1 10.670900379625895 0.8159666666666666 1524751228.5917854
2 10.453851734202082 0.9212666666666667 1524751228.858121
1 10.645013843933143 0.8169 1524751228.8833697
2 10.846834217844224 0.9214666666666667 1524751229.1161268
1 10.651758228711337 0.8178 1524751229.156076
2 10.956934010529773 0.9215 1524751229.3983595
1 10.715829884104116 0.8184666666666667 1524751229.4320207
2 10.790582691860545 0.9218 1524751229.6816351
1 10.70347789433502 0.8191666666666667 1524751229.7095633
2 10.96620372490251 0.9218666666666666 1524751229.9516323
1 10.7276249280714 0.8197666666666666 1524751229.9922695
2 10.754892384176877 0.9222666666666667 1524751230.231772
1 10.687204395769546 0.8205 1524751230.279358
2 10.73253062876413 0.9227333333333333 1524751230.5167577
1 10.65566447871861 0.8213666666666667 1524751230.5553312
2 10.862108265724236 0.9230333333333334 1524751230.78599
1 10.738595997427778 0.8219333333333333 1524751230.8278804
2 10.71936229377867 0.9235666666666666 1524751231.0712965
1 10.799478565900555 0.8223 1524751231.1092293
2 10.702096973922282 0.9241666666666667 1524751231.3529403
1 10.893785511876985 0.8223333333333334 1524751231.3805454
2 10.906457936216997 0.9244666666666667 1524751231.6191816
1 10.902109181326091 0.8223333333333334 1524751231.6568534
2 10.938921010007943 0.9247333333333333 1524751231.882588
1 10.77429393450599 0.8228 1524751231.9456208
2 10.896913563640636 0.9250666666666667 1524751232.1718755
1 10.732545887553222 0.8234333333333334 1524751232.223437
2 10.851137196367862 0.9254666666666667 1524751232.4570494
1 10.642091785822236 0.8244333333333334 1524751232.505551
2 11.12494853720991 0.9256 1524751232.6965902
1 10.655618702351337 0.8254333333333334 1524751232.785421
2 10.884576832660617 0.9259333333333334 1524751232.985356
1 10.712945972965938 0.8263 1524751233.0661635
2 11.113725697833543 0.9260666666666667 1524751233.2505891
1 10.66901591917317 0.8273666666666667 1524751233.3460805
2 10.917963063191557 0.9263666666666667 1524751233.5552485
1 10.69744304324956 0.8284333333333334 1524751233.631976
2 10.476610218131198 0.9273666666666667 1524751233.8405557
1 10.577447925838552 0.8301 1524751233.9198182
2 10.699174915811373 0.9280666666666667 1524751234.1073973
1 10.61658671985676 0.8317666666666667 1524751234.192804
2 10.624597584129495 0.9288666666666666 1524751234.3805795
1 10.674112354729541 0.8333333333333334 1524751234.4764063
2 10.695291553987738 0.9295666666666667 1524751234.6771872
1 10.705171619924107 0.8349333333333333 1524751234.7488039
2 10.593210254969474 0.9304333333333333 1524751234.9738913
1 10.833017384322396 0.8361 1524751235.0266132
2 10.441904102343893 0.9316 1524751235.2594268
1 10.895769154458817 0.8370333333333333 1524751235.2957106
2 10.80784038232237 0.9321 1524751235.4910953
1 10.946802174573392 0.8377666666666667 1524751235.5665584
2 10.931398426986107 0.9323666666666667 1524751235.7754066
1 11.024599110753469 0.8382666666666667 1524751235.8368318
2 11.579896963350281 0.9322 1524751236.00819
1 11.103776967346258 0.8386666666666667 1524751236.1051972
2 11.311105764119151 0.9322 1524751236.3185053
1 11.051118886193487 0.8391333333333333 1524751236.3824124
2 11.125398671488087 0.9323 1524751236.570659
1 11.071619069337135 0.8395666666666667 1524751236.6500795
2 11.012262379773446 0.9324666666666667 1524751236.8659542
1 11.056436574191666 0.8400333333333333 1524751236.9256146
2 10.34742930968745 0.9338666666666666 1524751237.169191
1 10.995592152691616 0.8406 1524751237.195874
2 10.559251819847624 0.9348666666666666 1524751237.4551346
1 10.989839589204344 0.8411666666666666 1524751237.479599
2 10.25411418500191 0.9365666666666667 1524751237.742644
1 10.892152821444261 0.8421333333333333 1524751237.7679167
2 10.668329273664083 0.9373333333333334 1524751237.9905572
1 10.875536000124255 0.8432 1524751238.0411527
2 10.814989125011472 0.9377333333333333 1524751238.279116
1 10.909212147647906 0.8441666666666666 1524751238.3062031
2 11.102373158749886 0.9376 1524751238.5338464
1 10.793314015107816 0.8456333333333333 1524751238.5826623
2 11.498788869937497 0.9371666666666667 1524751238.7859454
1 10.895845448404264 0.8467333333333333 1524751238.858673
2 11.42640117449016 0.9368 1524751239.042682
1 10.931848561264298 0.8477333333333333 1524751239.122739
2 11.644044912688521 0.9363 1524751239.3076465
1 10.89506725016063 0.8489 1524751239.3973556
2 11.611787832550307 0.9358333333333333 1524751239.5664556
1 11.054002797331666 0.8496 1524751239.668935
2 11.346979177271917 0.9356 1524751239.840651
1 11.027269398844375 0.8503333333333334 1524751239.9435987
2 11.221941030066356 0.9354666666666667 1524751240.1134977
1 11.012674367078906 0.8510666666666666 1524751240.2135284
2 11.250650441740921 0.9353333333333333 1524751240.3750503
1 11.01280406678618 0.8518 1524751240.4879036
1 6 frame freq 1524751240.4894812
1 14.036531489410496 0.8518 1524751240.796038
2 11.101518666560802 0.9353 1524751240.9213345
2 6 frame freq 1524751240.9228003
1 19.369663334208845 0.8342666666666667 1524751241.1076763
2 13.98277477544318 0.9353 1524751241.2366014
1 19.392688846947063 0.7912333333333333 1524751241.4162974
2 18.759281252993805 0.9209 1524751241.56067
1 19.253269291023287 0.7203333333333334 1524751241.7339919
2 18.043750856153203 0.8912333333333333 1524751241.8978546
1 18.12413415708418 0.6314333333333333 1524751242.076207
2 17.815113160414842 0.8453666666666667 1524751242.23479
1 16.45430383170825 0.5385666666666666 1524751242.4614534
2 18.29860315154977 0.774 1524751242.555148
1 14.71750072896016 0.4512333333333333 1524751242.893388
2 18.0827370622805 0.6743666666666667 1524751242.9159973
2 17.119587036072435 0.5576333333333333 1524751243.2557037
1 12.873331108825894 0.37906666666666666 1524751243.390563
2 16.13309106255526 0.42656666666666665 1524751243.6442602
1 10.922296559293379 0.33253333333333335 1524751243.9902797
2 14.492708248072695 0.2971666666666667 1524751244.084858
1 9.323999437175699 0.37223333333333336 1524751244.6765406
2 11.084329640649878 0.21166666666666667 1524751244.7255974
1 9.149477036948273 0.4434 1524751245.3021004
2 7.616837515713345 0.42523333333333335 1524751245.6589403
1 10.496896778227566 0.4559 1524751245.8207796
2 8.478158981498623 0.6330666666666667 1524751246.1430805
1 11.979745902083339 0.42823333333333335 1524751246.3161392
2 14.016954463006849 0.5341 1524751246.5134318
1 11.773408926601354 0.40296666666666664 1524751246.8398612
2 15.949838682915715 0.36843333333333333 1524751246.8914227
1 10.876863514775154 0.3961 1524751247.409982
2 12.501459159891054 0.30396666666666666 1524751247.4771807
1 10.372957263836557 0.41573333333333334 1524751247.998256
2 10.284715686523766 0.3549 1524751248.0598822
1 10.500337635167572 0.43106666666666665 1524751248.5522041
2 10.30301097464378 0.4076666666666667 1524751248.64159
1 11.058359181617123 0.42156666666666665 1524751249.0820043
2 11.247743642419106 0.3881 1524751249.1279998
2 12.276239432909046 0.3352333333333333 1524751249.6183143
1 11.155572926915395 0.41036666666666666 1524751249.640604
1 11.037004506284378 0.40103333333333335 1524751250.1685805
2 11.048494374469852 0.3202333333333333 1524751250.2135606
1 10.797479664529634 0.4025666666666667 1524751250.7364278
2 9.590868028981363 0.4473 1524751250.8667245
1 10.536081348613052 0.4180333333333333 1524751251.3113003
2 10.666582142313173 0.4731666666666667 1524751251.3394008
2 13.602792780106503 0.3811333333333333 1524751251.7491026
1 10.858621632416966 0.41836666666666666 1524751251.8416903
2 12.96212963194052 0.3071333333333333 1524751252.2645445
1 11.102335011777157 0.4102 1524751252.3915029
2 10.844179188542409 0.31216666666666665 1524751252.860443
1 10.897699391278808 0.4088333333333333 1524751252.943749
2 9.770959887226965 0.4281 1524751253.494826
1 10.788797413536907 0.41326666666666667 1524751253.5204484
2 10.696001087680461 0.45376666666666665 1524751253.9772036
1 10.90671733563155 0.41223333333333334 1524751254.0559542
2 12.416933097721891 0.40113333333333334 1524751254.4567523
1 10.840524708555131 0.4147666666666667 1524751254.6089587
2 12.258470573012662 0.3525 1524751254.9599435
1 10.63278392447678 0.42823333333333335 1524751255.1720355
2 10.96934703545524 0.3487 1524751255.552643
1 10.818803822284208 0.4332 1524751255.7174604
2 10.157831225838207 0.4288666666666667 1524751256.1403081
1 11.101930653866253 0.42773333333333335 1524751256.256089
2 11.478265798610204 0.4084333333333333 1524751256.6018581
1 11.23552898175182 0.4199333333333333 1524751256.7867825
2 12.570215263534735 0.35 1524751257.0932953
1 11.34997752932828 0.41003333333333336 1524751257.3127449
2 11.109270131418983 0.3403333333333333 1524751257.6786444
1 10.978342091624334 0.40686666666666665 1524751257.877709
2 9.906892809843447 0.4491 1524751258.3054974
1 10.655443226276788 0.42006666666666664 1524751258.4395828
2 11.16540721648449 0.4409666666666667 1524751258.7512038
1 10.817316090347843 0.4259 1524751258.9876618
2 12.977151909800531 0.3693666666666667 1524751259.2281806
1 11.24597362288456 0.4188 1524751259.5030692
2 11.862421072763249 0.33493333333333336 1524751259.7671313
1 11.414789235991966 0.4086666666666667 1524751260.0525327
2 11.14427379359356 0.3249 1524751260.3166394
1 10.979585682935237 0.40623333333333334 1524751260.5973005
2 10.511728321223954 0.3714 1524751260.906339
1 11.049318349080762 0.4019666666666667 1524751261.135355
2 10.82983592679694 0.3857333333333333 1524751261.4133077
1 10.995073353862525 0.39876666666666666 1524751261.6874664
2 11.673059500144905 0.35896666666666666 1524751261.9335353
1 10.589899097736744 0.4161 1524751262.2597752
2 11.582712209937567 0.33476666666666666 1524751262.449088
1 10.777643238711446 0.42486666666666667 1524751262.8008213
2 10.983972584798883 0.3322 1524751263.0250556
1 11.171457326359043 0.42 1524751263.3346534
2 10.255495105414639 0.4070666666666667 1524751263.6229575
1 11.142244374644475 0.4155 1524751263.8774471
2 10.444078479789344 0.4642 1524751264.173763
1 11.052309071742574 0.4124 1524751264.4171588
2 11.781778372417728 0.4362333333333333 1524751264.640527
1 11.106309926335351 0.40836666666666666 1524751264.9599032
2 12.763139763405803 0.3728666666666667 1524751265.1153965
1 10.825891529816934 0.41486666666666666 1524751265.526114
2 10.921831166226104 0.3788 1524751265.7408786
1 10.76930431047325 0.4246333333333333 1524751266.0850875
2 10.266130481411022 0.45513333333333333 1524751266.283166
1 11.0331135150662 0.4226666666666667 1524751266.6254938
2 12.448061027467373 0.4035666666666667 1524751266.7003386
1 11.175584828808134 0.4182666666666667 1524751267.149019
2 13.163217583975227 0.325 1524751267.1980577
1 11.157014882484487 0.4140666666666667 1524751267.6888077
2 11.103120839415352 0.31826666666666664 1524751267.7809026
1 11.094461476606252 0.4108 1524751268.2304127
2 10.203119311860059 0.4015666666666667 1524751268.3737895
1 10.968843495415237 0.41063333333333335 1524751268.7852647
2 11.338441884775543 0.3887 1524751268.842889
1 10.827882801793297 0.4176666666666667 1524751269.3356936
2 11.68038371890855 0.3631333333333333 1524751269.40109
1 11.021806752349821 0.4160333333333333 1524751269.8726022
2 10.914346730177005 0.3708 1524751269.9420164
1 10.92638591476974 0.41846666666666665 1524751270.4365861
2 11.39063457286104 0.35533333333333333 1524751270.4578836
1 10.787157093709629 0.4281 1524751270.9854987
2 11.130708730091731 0.34886666666666666 1524751271.0197494
1 10.99296001157344 0.4278 1524751271.5256681
2 10.824617420927844 0.3660333333333333 1524751271.561786
1 11.137476003053553 0.42483333333333334 1524751272.0667126
2 11.036066090755293 0.36336666666666667 1524751272.1118164
1 11.095338856978971 0.42246666666666666 1524751272.6071029
2 11.039804494082562 0.3605333333333333 1524751272.649892
2 11.744195974886791 0.33226666666666665 1524751273.1364028
1 11.061182057598941 0.42063333333333336 1524751273.161041
1 11.079774892106233 0.4184333333333333 1524751273.6901274
2 11.145235097306285 0.32493333333333335 1524751273.7270489
1 10.859705006442413 0.4246333333333333 1524751274.253225
2 10.630891834629494 0.3628 1524751274.2760937
1 10.858911549409695 0.43116666666666664 1524751274.7961946
2 10.98348430354797 0.36343333333333333 1524751274.81851
1 11.28333476797368 0.4261 1524751275.3260756
2 10.642145191584056 0.40123333333333333 1524751275.383646
2 11.449930227268366 0.38493333333333335 1524751275.8706582
1 11.160333669111761 0.4229 1524751275.8981137
2 12.21193126628535 0.3406666666666667 1524751276.3683097
1 10.922395741422473 0.4262 1524751276.414842
1 11.170938527529943 0.42286666666666667 1524751276.9474008
2 10.828584706091476 0.35786666666666667 1524751276.9777694
1 11.351846730991912 0.41636666666666666 1524751277.4712584
2 10.587663685134915 0.40176666666666666 1524751277.5002367
2 11.480928457306563 0.38453333333333334 1524751278.0203846
1 11.24263194807364 0.4114333333333333 1524751278.0426457
1 11.142641103160837 0.40803333333333336 1524751278.5474658
2 10.393526111531127 0.45076666666666665 1524751278.6525767
2 11.18726543185724 0.44576666666666664 1524751279.090134
1 10.879190480111518 0.4130666666666667 1524751279.1146543
2 13.427583734370002 0.3590333333333333 1524751279.5497563
1 10.674371754144081 0.4287666666666667 1524751279.6746645
2 12.631822624489333 0.29896666666666666 1524751280.0628612
1 11.038759267029837 0.428 1524751280.2134984
1 10.928743397684299 0.43133333333333335 1524751280.2443206
1 4 frame freq 1524751280.245836
2 10.367158923982005 0.36733333333333335 1524751280.7062914
2 10.35457805237654 0.4372333333333333 1524751280.7390747
1 11.198701894280884 0.43133333333333335 1524751280.765067
2 4 frame freq 1524751280.7659485
2 10.362497363914732 0.4372333333333333 1524751281.2007518
1 7.906567588274494 0.4722 1524751281.2484174
2 8.091310531071036 0.4659333333333333 1524751281.6295395
1 8.244127303816624 0.5541 1524751281.6982121
2 9.069154771173665 0.5018666666666667 1524751282.0617795
1 8.793573410797066 0.6522666666666667 1524751282.110799
2 9.702989611221462 0.5339666666666667 1524751282.4406674
1 9.934236559894376 0.7219666666666666 1524751282.4646337
1 11.103464162169889 0.7536 1524751282.7807255
2 10.028390917979918 0.5639666666666666 1524751282.8251898
1 12.356180228956385 0.7689666666666667 1524751283.0809152
2 10.549684559087614 0.5853 1524751283.1985826
1 13.01405529121693 0.7738333333333334 1524751283.380221
2 10.73898509654959 0.6035666666666667 1524751283.5520923
1 13.360384027213575 0.7713333333333333 1524751283.6784258
2 11.201036489011795 0.6153666666666666 1524751283.897249
1 13.191240350140715 0.7679333333333334 1524751283.991217
2 11.277261769915487 0.6265 1524751284.2634203
1 13.15803722507887 0.7623666666666666 1524751284.2931414
1 13.029855767320576 0.7560666666666667 1524751284.601948
2 11.461488760004727 0.6361333333333333 1524751284.6282773
1 13.084016839198798 0.7469666666666667 1524751284.9071007
2 11.376741445393757 0.6461 1524751284.9511456
1 13.004343071960548 0.7369 1524751285.2140603
2 11.47896007351384 0.6551 1524751285.3051217
1 12.97252849670598 0.7254666666666667 1524751285.5261443
2 11.442247426961083 0.6640666666666667 1524751285.655085
1 12.830240288433135 0.7142 1524751285.8440228
2 11.513399160492044 0.6722666666666667 1524751285.9939585
1 12.720583000631226 0.7029666666666666 1524751286.1597145
2 11.701509512404934 0.6788 1524751286.3307383
1 12.652490654312992 0.6913333333333334 1524751286.4750862
2 11.536088979870243 0.6860666666666667 1524751286.6883986
1 12.59601024649294 0.6792666666666667 1524751286.7969866
2 11.62941173395033 0.6923666666666667 1524751287.0306056
1 12.457422294574641 0.6679333333333334 1524751287.1224241
2 11.7601414094868 0.6973666666666667 1524751287.3507483
1 12.28098491631632 0.6579666666666667 1524751287.4525387
2 11.749948538374056 0.7019666666666666 1524751287.7095969
1 12.001077689232458 0.6508333333333334 1524751287.7966948
2 11.751367605759517 0.7061333333333333 1524751288.04988
1 11.71145061349767 0.6469 1524751288.1491592
2 11.613939321812138 0.7108666666666666 1524751288.387087
1 11.601549185070297 0.6439666666666667 1524751288.487431
2 11.95642284295787 0.7128333333333333 1524751288.712923
1 11.501764333810218 0.6419666666666667 1524751288.8381214
2 11.892137564517823 0.7147333333333333 1524751289.0560706
1 11.533212698126617 0.6392333333333333 1524751289.1885986
2 12.235528983614469 0.7137666666666667 1524751289.3680708
1 11.335580861820988 0.6387666666666667 1524751289.545695
2 11.937799490872395 0.7142333333333334 1524751289.718481
1 11.421869314130152 0.6369666666666667 1524751289.888988
2 12.009714163857911 0.7137333333333333 1524751290.0553925
1 11.443643606162906 0.6346333333333334 1524751290.2355638
2 11.725183523679492 0.7147666666666667 1524751290.3880894
1 11.418161428381056 0.6323666666666666 1524751290.597068
2 12.145982779834384 0.7125 1524751290.710405
1 11.2635364891282 0.6318666666666667 1524751290.9558747
2 12.272279777139943 0.7088333333333333 1524751291.032842
1 11.099420583060802 0.6333666666666666 1524751291.316712
2 12.384378471196406 0.7038 1524751291.3574314
1 11.109033620188072 0.6346666666666667 1524751291.6748881
2 12.3112736126618 0.6987 1524751291.6978095
2 12.349184074158195 0.6928 1524751292.009426
1 11.094736134809883 0.6361 1524751292.0424714
2 12.064188040912505 0.6884 1524751292.3528488
1 11.13135722862809 0.637 1524751292.3951292
2 11.567110098092098 0.6871 1524751292.7198584
1 11.255800283059115 0.6361666666666667 1524751292.741907
2 11.28358653799368 0.6876 1524751293.0721266
1 11.352052724644649 0.6339 1524751293.0971348
2 11.660257376097627 0.6853333333333333 1524751293.3850036
1 11.494371450495667 0.6295666666666667 1524751293.440159
2 12.283319511047234 0.6784333333333333 1524751293.6950982
1 11.420183217935604 0.6259 1524751293.7905486
2 12.47373394011284 0.6697 1524751294.0302966
1 11.371507680735562 0.6226333333333334 1524751294.1479096
2 12.332178153716356 0.6614333333333333 1524751294.3563783
1 11.29139140861368 0.6201666666666666 1524751294.5052304
2 12.0114231482361 0.655 1524751294.6951654
1 11.254419362646383 0.6180333333333333 1524751294.858045
2 12.016840018363371 0.6481666666666667 1524751295.0285375
1 11.21780589822271 0.6162 1524751295.218879
2 11.602197683606672 0.6439666666666667 1524751295.388373
1 11.135866200804463 0.6153333333333333 1524751295.5799437
2 11.52115062535023 0.6401333333333333 1524751295.7388754
1 11.081934010762595 0.6151 1524751295.9408817
2 11.210420644302701 0.6383333333333333 1524751296.0989587
1 11.01695445741891 0.6156666666666667 1524751296.3061738
2 11.367792165591933 0.6353333333333333 1524751296.4438527
1 11.11238292439353 0.6149666666666667 1524751296.6600015
2 11.18762401340087 0.6335 1524751296.8101192
1 11.12652019248627 0.614 1524751297.0230956
2 11.252588307955463 0.6311333333333333 1524751297.1681204
1 11.19342998264997 0.6120666666666666 1524751297.3793728
2 11.201913869384525 0.6290333333333333 1524751297.5149064
1 11.133729970331741 0.6108 1524751297.7362323
2 11.078935658706236 0.6277666666666667 1524751297.8912594
1 11.045381581495294 0.6106333333333334 1524751298.1065514
2 11.203294789797246 0.6255666666666667 1524751298.2416327
1 10.992952382178885 0.6113 1524751298.4694047
2 11.32461742185917 0.6224333333333333 1524751298.5742993
1 10.973535573060689 0.6127666666666667 1524751298.8279796
2 11.873590506377804 0.6152333333333333 1524751298.9028332
1 11.078477895033503 0.6122 1524751299.1880507
2 11.693117178404927 0.609 1524751299.263506
1 11.18958476779905 0.6101 1524751299.545591
2 11.406839406875603 0.6046 1524751299.6277018
1 11.11501506551172 0.6088666666666667 1524751299.908419
2 11.076852833995325 0.6024333333333334 1524751299.985119
1 10.929842030498836 0.6118666666666667 1524751300.2870977
2 10.938859974851571 0.6021333333333333 1524751300.359443
1 10.760683094636883 0.6217 1524751300.6598744
2 11.189279592017234 0.5992 1524751300.702706
1 10.807779347166004 0.6301333333333333 1524751301.0181959
2 11.225824391889992 0.5959333333333333 1524751301.055589
1 10.972055470518875 0.6324333333333333 1524751301.3810184
2 11.589952505361198 0.5899333333333333 1524751301.404202
1 11.149568593408107 0.6317 1524751301.7345476
2 11.420732534342886 0.5849666666666666 1524751301.7597094
1 11.119752919524451 0.6312666666666666 1524751302.0984123
2 11.159967458173577 0.5817333333333333 1524751302.132164
1 11.105379140200796 0.6309333333333333 1524751302.4605932
2 11.018556630273451 0.5794666666666667 1524751302.485674
1 11.089227711948062 0.6307666666666667 1524751302.816954
2 11.043779408640754 0.577 1524751302.8398337
1 11.12792400108264 0.6300333333333333 1524751303.1777802
2 11.133981740351729 0.5738666666666666 1524751303.221793
1 11.256219899759104 0.6275 1524751303.5269206
2 10.694635426056827 0.5783 1524751303.6055868
1 11.241426503735461 0.6250333333333333 1524751303.8870616
2 10.519693409129411 0.5869666666666666 1524751303.9764721
1 11.22250560526272 0.6226666666666667 1524751304.247866
2 10.509798084403942 0.5964333333333334 1524751304.3497446
1 11.115472829184448 0.6215666666666667 1524751304.6085443
2 10.760126148835068 0.6009666666666666 1524751304.7225935
1 11.090585744177151 0.6207 1524751304.9686341
2 10.746118580449592 0.6060666666666666 1524751305.093643
1 11.122377431248088 0.6193666666666666 1524751305.3267865
2 10.962144887004314 0.6067 1524751305.4442155
1 11.115556752524444 0.6180666666666667 1524751305.688728
2 11.15094951382084 0.6054333333333334 1524751305.8019078
1 11.098665273000798 0.6169 1524751306.049071
2 11.337282216804628 0.6027333333333333 1524751306.1517844
1 11.076326405771681 0.6159666666666667 1524751306.4084706
2 11.20107463598452 0.6009333333333333 1524751306.5200782
1 11.008493458867996 0.6159 1524751306.777074
2 10.942956959722485 0.6018 1524751306.8960829
1 10.982652699542514 0.6166 1524751307.140334
2 10.821809803735107 0.6053666666666667 1524751307.2616248
1 10.996789967635255 0.6168 1524751307.4985995
2 10.650766407420432 0.6129333333333333 1524751307.6418242
1 11.076997792491687 0.6158333333333333 1524751307.8580136
2 10.71366313605321 0.6195 1524751308.015229
1 11.134233510371734 0.6140666666666666 1524751308.220496
2 11.157625234048115 0.6189 1524751308.342855
1 11.100793874078986 0.6126666666666667 1524751308.5803287
2 11.18651012179724 0.6180333333333333 1524751308.7148888
1 11.072214162111681 0.6115666666666667 1524751308.941909
2 11.278421437886397 0.6164333333333334 1524751309.0804033
1 11.105066335024445 0.61 1524751309.298802
2 10.757410084376883 0.6221666666666666 1524751309.4550707
1 11.107301747626252 0.6083333333333333 1524751309.661327
2 11.061128651837127 0.6223333333333333 1524751309.799209
1 10.998331105333442 0.6081 1524751310.0345373
2 11.416551626131975 0.6198666666666667 1524751310.1289701
1 10.89523509684063 0.6119666666666667 1524751310.4001575
2 11.58732036424302 0.616 1524751310.4872873
1 10.80693248437147 0.6195333333333334 1524751310.7735395
2 11.49402812774113 0.6126 1524751310.8470917
1 10.938493763913387 0.6222333333333333 1524751311.1302137
2 11.347284353053734 0.6101333333333333 1524751311.1863217
1 11.015909230366185 0.6224 1524751311.487862
2 11.511667287930234 0.6063333333333333 1524751311.5304167
1 11.153619801911752 0.6207333333333334 1524751311.8491209
2 11.643022573819422 0.6013666666666667 1524751311.8775854
1 11.144578969375383 0.6191 1524751312.2115042
2 11.608087576195766 0.5964333333333334 1524751312.2379317
1 11.086206471708055 0.6181333333333333 1524751312.5713174
2 11.353403127479195 0.5931666666666666 1524751312.5941312
1 11.060556447246224 0.6174666666666667 1524751312.9313252
2 11.029123341718927 0.5921666666666666 1524751312.9634957
1 11.112993275957168 0.6160666666666667 1524751313.2907174
2 10.857446705656962 0.5945333333333334 1524751313.3286355
1 11.126947438580824 0.6144 1524751313.6498675
2 10.966844594044325 0.5946333333333333 1524751313.686803
1 11.12751201377719 0.6126666666666667 1524751314.008802
2 10.983232533527975 0.5944 1524751314.0545456
1 11.076959645518963 0.6115 1524751314.3731074
2 11.054628407684403 0.5934 1524751314.4131596
1 10.964769398727952 0.6127333333333334 1524751314.7483728
2 11.004182850949809 0.5927666666666667 1524751314.774843
1 10.919427906944279 0.6158 1524751315.1098883
2 11.264764821650028 0.5902 1524751315.1317043
1 10.920976674037014 0.6189666666666667 1524751315.4712853
2 10.941331898684309 0.5908 1524751315.5090718
1 10.979372059887977 0.6199666666666667 1524751315.8396132
2 11.06662944530441 0.5896666666666667 1524751315.8651586
2 11.159692799969934 0.5878333333333333 1524751316.1971967
1 10.998956715686166 0.6202333333333333 1524751316.2198515
2 11.439256704299266 0.5838666666666666 1524751316.558892
1 11.000597035513437 0.6204666666666667 1524751316.581122
2 11.233545339169995 0.5812666666666667 1524751316.92731
1 11.059091603493496 0.6199 1524751316.9526365
2 10.927743946998833 0.5819 1524751317.2976582
1 10.942132985111572 0.6224 1524751317.3219788
1 10.936449086175204 0.6252 1524751317.6583042
2 10.800127064436916 0.5854666666666667 1524751317.6808054
1 10.888124501124258 0.6300666666666667 1524751318.0251644
2 10.81357005762602 0.5889666666666666 1524751318.0473847
2 11.044824635693477 0.5882 1524751318.3848126
1 11.043321644968023 0.6301333333333333 1524751318.4099138
1 11.110437428784438 0.6292666666666666 1524751318.7391374
2 11.102121388729886 0.587 1524751318.7620528
1 11.188905751684514 0.6273 1524751319.0977585
2 11.196649587148153 0.5850333333333333 1524751319.1206155
1 11.169939076844498 0.6254666666666666 1524751319.4599698
2 10.857660328704233 0.5876333333333333 1524751319.4893236
1 11.141321217904466 0.6239 1524751319.817014
2 10.909425770695186 0.5892333333333334 1524751319.8495414
1 11.128381764755364 0.6224333333333333 1524751320.1758177
2 10.99099162778071 0.5891333333333333 1524751320.2004845
1 11.151903188139025 0.6205666666666667 1524751320.5357301
2 11.334367788088265 0.5863666666666667 1524751320.5586116
1 10.977884327951607 0.6215 1524751320.9122705
