1 11.328691518546446 0.99 1525320141.605294
1 11.862901724619606 0.99 1525320141.8517494
1 12.268426932894494 0.955 1525320142.0911067
1 12.037416495452488 0.92 1525320142.3556716
1 11.886255301323269 0.92 1525320142.6162405
2 10.48608592615665 0.99 1525320142.6386354
2 11.427171743339253 0.99 1525320142.8643384
1 11.718736685288583 0.92 1525320142.8857594
2 11.607111013693947 0.99 1525320143.1170585
1 11.512849844084778 0.92 1525320143.1385443
1 11.545549429106622 0.92 1525320143.3946166
2 11.25782207261365 0.99 1525320143.4149725
2 11.59482768847575 0.99 1525320143.6700428
1 11.411668813622871 0.92 1525320143.6910503
1 11.362230336968283 0.92 1525320143.929711
2 11.221155202428168 0.99 1525320143.9514186
2 11.39764598644832 0.99 1525320144.170696
1 11.411035573875596 0.92 1525320144.1933274
2 12.033792533043393 0.955 1525320144.411653
1 11.421304738933788 0.92 1525320144.4486294
2 12.200868644194436 0.92 1525320144.6466768
1 11.496950185852034 0.92 1525320144.7110043
2 11.771165884604994 0.92 1525320144.9508162
1 11.518495596048421 0.92 1525320144.9717822
1 11.547327078035714 0.92 1525320145.2254395
2 10.822420155298751 0.92 1525320145.277302
1 11.518533743021148 0.92 1525320145.4870992
2 10.7089634290132 0.92 1525320145.535094
1 11.588380850084844 0.92 1525320145.7471087
2 10.153177295165474 0.92 1525320145.8301208
1 11.604883230486674 0.92 1525320146.006716
2 10.526544605431228 0.92 1525320146.0888917
1 11.57378581831937 0.92 1525320146.26713
2 10.8274631850933 0.92 1525320146.3843005
1 11.53778270545934 0.92 1525320146.5273652
2 10.415254627196598 0.92 1525320146.6830425
1 11.568903005810283 0.92 1525320146.7828245
2 10.612695728638574 0.92 1525320146.9601738
1 11.551424062906626 0.92 1525320147.0458963
2 10.611803089476751 0.92 1525320147.2227287
1 11.508653677084771 0.92 1525320147.3071172
2 10.620752369278584 0.92 1525320147.5150127
1 11.505655325028409 0.92 1525320147.5712311
2 10.71984294563503 0.92 1525320147.802839
1 11.458559072499275 0.92 1525320147.8268232
1 11.456064260482915 0.92 1525320148.0936692
2 10.260614429154646 0.92 1525320148.1281528
1 11.529367483275701 0.92 1525320148.346059
2 9.890451464597986 0.928 1525320148.4349868
1 11.604913748064853 0.92 1525320148.6069903
2 10.162607226823665 0.928 1525320148.697626
1 11.600564993173933 0.92 1525320148.8638003
2 10.456712757156629 0.928 1525320148.9501748
1 11.646097219821243 0.92 1525320149.1227849
2 10.721605335775035 0.928 1525320149.2473009
1 11.573709524373914 0.92 1525320149.38072
2 11.031213795824383 0.928 1525320149.5211222
1 11.568071401804827 0.92 1525320149.6396365
2 10.817033802749654 0.928 1525320149.8062344
1 11.561555898862995 0.92 1525320149.9013405
2 10.64179423943496 0.928 1525320150.079956
1 11.595964468263032 0.92 1525320150.159141
2 10.540857349598511 0.928 1525320150.3892393
1 11.615007437048499 0.92 1525320150.4162133
1 11.61997417289759 0.92 1525320150.6738422
2 10.189325366521864 0.928 1525320150.6987934
1 11.637041128495785 0.92 1525320150.931533
2 10.144968066634553 0.928 1525320150.9868035
1 11.630487478581234 0.92 1525320151.189028
2 10.301843677278313 0.928 1525320151.2433112
1 11.568880117626641 0.92 1525320151.4533317
2 10.297754321801948 0.928 1525320151.5531232
1 11.534288442757521 0.92 1525320151.7146761
2 10.98011974055343 0.928 1525320151.7941048
1 11.465120351808373 0.92 1525320151.9834504
2 11.077150380382594 0.928 1525320152.070645
1 11.353418386268286 0.92 1525320152.2469075
2 10.886728321922442 0.928 1525320152.3448765
1 11.373514211501021 0.92 1525320152.5088828
2 11.25197032699728 0.928 1525320152.6177425
1 11.38986400401194 0.92 1525320152.772738
2 10.824487721220564 0.928 1525320152.9022143
1 11.415239370270145 0.92 1525320153.030527
2 10.764833485269616 0.928 1525320153.1881335
1 11.516702688330229 0.92 1525320153.2890673
2 10.463380847989356 0.928 1525320153.4924166
1 11.582513845679383 0.92 1525320153.5456722
1 11.53383830847934 0.92 1525320153.8109167
2 10.05973247077266 0.928 1525320153.8309631
2 10.275400195783748 0.928 1525320154.070257
1 11.525095022330245 0.92 1525320154.0905254
1 11.50689128694477 0.92 1525320154.3308387
2 10.227891955949167 0.928 1525320154.3597722
1 11.50012401398295 0.92 1525320154.5871077
2 10.545206104489424 0.928 1525320154.6316855
1 11.537523306044791 0.92 1525320154.8506014
2 10.80132487938055 0.928 1525320154.924251
1 11.630106008853966 0.92 1525320155.1098077
2 10.643877064145872 0.928 1525320155.1949816
1 11.585115469219376 0.92 1525320155.3676054
2 10.710290943664106 0.928 1525320155.4786346
1 11.551439321695714 0.92 1525320155.6278982
2 10.464090381682086 0.928 1525320155.7764287
1 11.543535268946618 0.92 1525320155.8880384
2 10.664636646704075 0.928 1525320156.0480533
1 11.516763723486594 0.92 1525320156.146387
2 10.740266834833225 0.928 1525320156.3147452
1 11.562318838317546 0.92 1525320156.4071488
2 10.800546681136915 0.928 1525320156.5900135
1 11.54174236122843 0.92 1525320156.6704059
2 10.802637135242366 0.928 1525320156.8880303
1 11.551607168375716 0.92 1525320156.9290292
2 10.728792225436848 0.928 1525320157.165894
1 11.513338125335686 0.92 1525320157.187546
2 10.958673512486135 0.928 1525320157.409319
1 11.524438894399324 0.92 1525320157.4465377
2 10.919961964562463 0.928 1525320157.691555
1 11.567834890573918 0.92 1525320157.7137103
1 11.584398306132114 0.92 1525320157.9641557
2 11.187730824924504 0.928 1525320157.9858382
1 11.577318227993915 0.92 1525320158.2263532
2 11.006303822633443 0.928 1525320158.2553418
1 11.5686207182121 0.92 1525320158.4850686
2 10.6161899913404 0.928 1525320158.5374672
1 11.523424184924789 0.92 1525320158.7483058
2 10.7640934339987 0.928 1525320158.8033185
1 11.508096731282947 0.92 1525320159.0059874
2 10.712099110171389 0.928 1525320159.0821378
1 11.572084463335734 0.92 1525320159.262053
2 10.61118510851858 0.928 1525320159.3895466
1 11.595102346679388 0.92 1525320159.5188022
2 10.839662586971496 0.928 1525320159.6449735
1 11.64309886776489 0.92 1525320159.773907
2 10.814798390147834 0.928 1525320159.9133382
1 11.688913382010382 0.92 1525320160.0317264
2 10.825906788606032 0.928 1525320160.1884863
1 11.63476756892124 0.92 1525320160.2923656
2 11.13309673058446 0.928 1525320160.4658382
1 11.59948161914849 0.92 1525320160.5537336
2 11.058565175269857 0.928 1525320160.731873
1 11.568681753368464 0.92 1525320160.8133166
2 10.804346119620558 0.928 1525320161.0259068
1 11.525384939322967 0.92 1525320161.0739152
2 10.699319874307742 0.928 1525320161.3106563
1 11.604501760759403 0.92 1525320161.3305938
2 11.084047353051693 0.928 1525320161.547078
1 11.610200918484853 0.92 1525320161.584178
1 11.66892436830127 0.92 1525320161.8404183
2 10.717554127271391 0.928 1525320161.8624861
1 11.629747427310331 0.92 1525320162.1057932
2 10.943979298591579 0.928 1525320162.1279004
1 11.563150442322998 0.92 1525320162.3654175
2 11.252985036471834 0.928 1525320162.3880615
1 11.553422964277543 0.92 1525320162.6250021
2 10.679544483645907 0.928 1525320162.6705296
1 11.509698904137505 0.92 1525320162.8883867
2 10.859117543062412 0.928 1525320162.9543154
1 11.40853313246469 0.92 1525320163.1562343
2 10.878122364875157 0.928 1525320163.222701
1 11.426820791190162 0.92 1525320163.4135718
2 10.688257252216827 0.928 1525320163.5018225
1 11.421594655926512 0.92 1525320163.6753557
2 10.917848622273377 0.928 1525320163.7711635
1 11.449770009982911 0.92 1525320163.9326403
2 10.807207142575106 0.928 1525320164.0675802
1 11.587617910630291 0.92 1525320164.1904917
2 10.772600208916886 0.928 1525320164.3371108
1 11.598176992681214 0.92 1525320164.449806
2 11.10567668658808 0.928 1525320164.5797338
1 11.638818777424879 0.92 1525320164.7109978
2 11.041955983344387 0.928 1525320164.8562863
1 11.526041067253882 0.92 1525320164.973149
2 11.035127675226192 0.928 1525320165.1548545
1 11.575639761193914 0.92 1525320165.229282
2 10.777956043887805 0.928 1525320165.4532068
1 11.595239675781208 0.92 1525320165.4862812
1 11.59337047411757 0.92 1525320165.7414992
2 10.318063770081965 0.928 1525320165.762253
1 11.711114920137671 0.92 1525320166.000389
2 10.42360118482933 0.928 1525320166.028757
1 11.608835256861225 0.92 1525320166.2614741
2 10.38456920233475 0.928 1525320166.3072906
1 11.589571035633924 0.92 1525320166.5237846
2 10.300066028349233 0.928 1525320166.6173239
1 11.619028127973959 0.92 1525320166.7745533
2 10.336160693943798 0.928 1525320166.9064438
1 11.507890737630225 0.92 1525320167.042813
2 10.11842540301089 0.928 1525320167.1942031
1 11.605012930193938 0.92 1525320167.2974346
2 10.375459705247469 0.928 1525320167.464895
1 11.518510854837505 0.92 1525320167.564248
2 10.694253956329549 0.928 1525320167.737739
1 11.445665395717445 0.92 1525320167.8223658
2 10.74960521375687 0.928 1525320168.0209365
1 11.501047170722945 0.92 1525320168.082637
2 10.920618092493376 0.928 1525320168.2950344
1 11.490106618944752 0.92 1525320168.3409493
2 10.61405376086767 0.928 1525320168.5994062
1 11.476518667259285 0.92 1525320168.6229753
1 11.42144969743015 0.92 1525320168.8721232
2 10.365022693509276 0.928 1525320168.8956738
1 11.286294973057315 0.92 1525320169.1474211
2 10.317606006409248 0.928 1525320169.1825216
1 11.222497975868169 0.92 1525320169.4108706
2 10.207284961281879 0.928 1525320169.4675276
1 11.281145131739136 0.92 1525320169.6707509
2 10.232568774805529 0.928 1525320169.7686026
1 11.384431875095578 0.92 1525320169.9281328
2 10.18732646515095 0.928 1525320170.076121
1 11.597269094730304 0.92 1525320170.1831985
2 10.120134387389085 0.928 1525320170.3689098
1 11.631250418035782 0.92 1525320170.44617
2 9.76715281934879 0.9352 1525320170.7015986
1 11.642427481044884 0.92 1525320170.7296166
1 11.597391165043033 0.92 1525320170.9659998
2 9.805315050865175 0.9416666666666667 1525320170.9958625
2 10.412820850336592 0.9416666666666667 1525320171.2294204
1 11.453676259990187 0.92 1525320171.2517207
1 11.396867788204686 0.92 1525320171.4952404
2 10.295068774921953 0.9416666666666667 1525320171.5372443
1 11.4385929469738 0.92 1525320171.7505867
2 10.86022380527151 0.9416666666666667 1525320171.8035932
1 11.453485525126547 0.92 1525320172.0077355
2 11.287378347082766 0.9416666666666667 1525320172.054246
1 11.598169363286667 0.92 1525320172.266399
2 10.555460010758525 0.9416666666666667 1525320172.3624797
1 11.601457632335759 0.92 1525320172.5336185
2 10.898096119795175 0.9416666666666667 1525320172.6361048
1 11.573801077108463 0.92 1525320172.787683
2 11.037256276304378 0.9416666666666667 1525320172.8901405
1 11.609651602077582 0.92 1525320173.0441542
2 10.660593067594986 0.9416666666666667 1525320173.1819687
1 11.564516103946636 0.92 1525320173.3004136
2 10.750848805067788 0.9416666666666667 1525320173.4785395
1 11.678911245761276 0.92 1525320173.557391
2 11.014802968157094 0.9416666666666667 1525320173.7249908
1 11.693948782410386 0.92 1525320173.812664
2 10.517114673773042 0.9416666666666667 1525320174.0302603
1 11.679285086094007 0.92 1525320174.0688455
2 10.880960499646074 0.9416666666666667 1525320174.28524
1 11.661653555299441 0.92 1525320174.3290956
2 11.303606069280962 0.9416666666666667 1525320174.5459347
1 11.62008861381578 0.92 1525320174.5908306
2 11.370447194893751 0.9416666666666667 1525320174.7830882
1 11.540590322652069 0.92 1525320174.8537726
2 11.445131338099264 0.9416666666666667 1525320175.0786078
1 11.504480398268404 0.92 1525320175.1121964
2 11.200197255611787 0.9416666666666667 1525320175.3579388
1 11.5546589261939 0.92 1525320175.3841083
2 11.086427724149884 0.9416666666666667 1525320175.6230373
1 11.492334402152029 0.92 1525320175.6477082
2 10.828783070349662 0.9416666666666667 1525320175.8900504
1 11.507577932453861 0.92 1525320175.9124756
1 11.439760244339254 0.92 1525320176.1661615
2 10.869920765738785 0.9416666666666667 1525320176.1910925
1 11.391199148057403 0.92 1525320176.4239502
2 10.633119617836773 0.9416666666666667 1525320176.4833272
1 11.430368459653794 0.92 1525320176.6879697
2 10.552057300791251 0.9416666666666667 1525320176.7598724
1 11.37992290291921 0.92 1525320176.9499705
2 10.763925587318699 0.9416666666666667 1525320177.0029457
1 11.427553213066517 0.92 1525320177.211825
2 10.808427845702369 0.9416666666666667 1525320177.2941246
1 11.43239024920834 0.92 1525320177.4719055
2 11.48891643339566 0.9416666666666667 1525320177.530022
1 11.431467092468345 0.92 1525320177.7415752
2 10.980501210280696 0.9416666666666667 1525320177.855113
1 11.525133169302974 0.92 1525320177.99164
2 10.554040943373067 0.9416666666666667 1525320178.1403058
1 11.579088247528466 0.92 1525320178.2512875
2 11.099893605522611 0.9416666666666667 1525320178.3736038
1 11.542558706444805 0.92 1525320178.5109942
2 10.527353321253047 0.9416666666666667 1525320178.6673033
1 11.622049368213952 0.92 1525320178.7676814
2 11.249521291348195 0.9416666666666667 1525320178.920876
1 11.501619375313856 0.92 1525320179.0352519
2 11.476289785422923 0.9416666666666667 1525320179.1883087
1 11.446229970913816 0.92 1525320179.2991202
2 11.279176747946401 0.9416666666666667 1525320179.4382055
1 11.518068349953866 0.92 1525320179.5600324
2 11.395227468377412 0.9416666666666667 1525320179.7206018
1 11.336145437017352 0.92 1525320179.8283656
2 11.218744313751804 0.9416666666666667 1525320179.9890058
1 11.398347890746498 0.92 1525320180.0895727
2 11.383874929293755 0.9416666666666667 1525320180.2400193
1 11.46501354028474 0.92 1525320180.3447762
1 6 frame freq 1525320180.3469684
1 14.740114254392905 0.885 1525320180.6391304
2 11.3737125757592 0.9416666666666667 1525320180.7789724
2 6 frame freq 1525320180.7805817
1 20.394275762875154 0.85 1525320180.9315553
2 14.399827998876251 0.9066666666666666 1525320181.0734801
1 19.776050664067363 0.815 1525320181.2475083
2 18.931324099993933 0.8716666666666667 1525320181.4090674
1 18.8893624299939 0.78 1525320181.5685678
2 17.79643640256755 0.8366666666666667 1525320181.747232
1 18.216449831084265 0.745 1525320181.9042277
2 17.773944947447536 0.8016666666666666 1525320182.0861647
1 17.796573731669362 0.71 1525320182.2430851
2 18.105793092596894 0.7666666666666667 1525320182.412433
1 17.42618188527633 0.675 1525320182.5921023
2 17.748355958142046 0.7316666666666667 1525320182.7606785
1 16.653705687548417 0.64 1525320182.9610476
2 16.922992797425017 0.6966666666666667 1525320183.1190875
1 15.902902647672049 0.605 1525320183.3481808
2 17.132999511683362 0.6616666666666666 1525320183.461339
1 15.390909238515258 0.57 1525320183.742142
2 16.478626341519192 0.6266666666666667 1525320183.8495
1 14.947542233294882 0.535 1525320184.149822
2 15.592523618773605 0.5916666666666667 1525320184.2304227
1 14.23764995902339 0.5 1525320184.5834892
2 15.795885130382862 0.5566666666666666 1525320184.6065793
2 15.91115765257023 0.5216666666666666 1525320184.985387
1 13.312929193140816 0.465 1525320185.0509107
2 15.093729062180458 0.4866666666666667 1525320185.405917
1 12.490259208698316 0.43 1525320185.54709
2 13.770044367332096 0.45166666666666666 1525320185.856206
1 11.537431753310248 0.43 1525320186.0956135
2 13.497499505984592 0.4166666666666667 1525320186.2909296
1 10.952997242944317 0.43 1525320186.6416378
2 12.65856365237118 0.38166666666666665 1525320186.805934
1 11.088106190949874 0.43 1525320187.1782367
2 11.80388072841593 0.38166666666666665 1525320187.309977
1 10.901613270680636 0.43 1525320187.746627
2 11.587785757310295 0.38166666666666665 1525320187.8397813
1 10.701868092085919 0.43 1525320188.294574
2 11.325723684068256 0.38166666666666665 1525320188.3692784
1 11.131380116811739 0.43 1525320188.8287377
2 11.94423869986877 0.38166666666666665 1525320188.8491144
2 12.291299857741777 0.3466666666666667 1525320189.3436606
1 11.267694509155476 0.43 1525320189.3648393
1 11.227251088669998 0.43 1525320189.88842
2 11.51851085483751 0.3466666666666667 1525320189.9110036
1 11.084909474635325 0.43 1525320190.4453294
2 10.456384693191168 0.3466666666666667 1525320190.4939222
1 10.999055897815259 0.43 1525320190.9870472
2 10.133005175987265 0.3466666666666667 1525320191.0727048
1 11.10175517779171 0.43 1525320191.5275145
2 10.665254627662256 0.3466666666666667 1525320191.620401
1 10.692194019802272 0.43 1525320192.100574
2 10.987474476895247 0.3466666666666667 1525320192.1644452
1 10.640031849294967 0.43 1525320192.648753
2 11.27137187732639 0.3466666666666667 1525320192.6866412
1 10.898767506515183 0.43 1525320193.2087526
2 10.526788746056692 0.3466666666666667 1525320193.3062499
1 10.712884937809575 0.43 1525320193.7757435
2 10.418993030523866 0.3466666666666667 1525320193.8351018
1 10.581316028873102 0.43 1525320194.337302
2 11.337274587410084 0.3466666666666667 1525320194.3651261
1 10.652269398145876 0.43 1525320194.9008198
2 10.638101612474967 0.3466666666666667 1525320194.962214
1 11.008562123418903 0.43 1525320195.426123
2 10.336366687596524 0.3466666666666667 1525320195.5225806
1 11.240098989084556 0.43 1525320195.9696958
2 11.087099110869874 0.3466666666666667 1525320196.0618072
1 11.055627858369853 0.43 1525320196.5113003
2 11.2605991722282 0.3466666666666667 1525320196.5917292
1 10.97829631525706 0.43 1525320197.0561032
2 10.976236378729789 0.3466666666666667 1525320197.1362958
1 10.659738575405893 0.43 1525320197.6389947
2 10.259843860305558 0.3466666666666667 1525320197.7589855
1 10.723146473473212 0.43 1525320198.175042
2 9.799608263745181 0.412 1525320198.361998
1 10.929742848369754 0.43 1525320198.7351158
2 11.269739186893672 0.412 1525320198.8503168
1 10.753999745015054 0.43 1525320199.292536
2 12.366571464327295 0.377 1525320199.334572
1 10.91118816083518 0.43 1525320199.8364198
2 11.818544424732295 0.377 1525320199.8559835
2 11.743524588166785 0.377 1525320200.3532414
1 11.003595387569806 0.43 1525320200.3830273
2 11.89361766705964 0.377 1525320200.8503487
1 10.852495228596954 0.43 1525320200.9428358
2 11.834322012652313 0.377 1525320201.3687801
1 10.919397389366107 0.43 1525320201.4847908
2 11.092744862833525 0.377 1525320201.9298596
1 11.217386281522717 0.43 1525320202.013342
2 11.059877431131678 0.377 1525320202.455466
1 11.019708668849818 0.43 1525320202.5723042
2 11.951166190116043 0.377 1525320202.9323242
1 10.717851673658666 0.43 1525320203.1354926
2 11.802110708881385 0.377 1525320203.469389
1 10.901720082204266 0.43 1525320203.6724353
2 11.478830373806563 0.377 1525320203.9806294
1 10.805330311516911 0.43 1525320204.2490866
2 11.662500418093993 0.377 1525320204.500209
1 10.645959888856789 0.43 1525320204.7984648
2 11.46039012719018 0.377 1525320205.025164
1 10.504015003338486 0.43 1525320205.3885548
2 11.684022940106733 0.377 1525320205.526452
1 10.727731739595038 0.43 1525320205.915857
2 11.695207632510378 0.377 1525320206.0522358
1 11.412645376124692 0.43 1525320206.4355237
2 11.639001882893965 0.377 1525320206.5586126
1 11.593736685055749 0.43 1525320206.9539974
2 11.629907644595784 0.377 1525320207.08615
1 11.265573537471846 0.43 1525320207.5016406
2 11.429521596859251 0.377 1525320207.6077209
1 10.943208729742489 0.43 1525320208.054635
2 11.062974965317128 0.377 1525320208.1688023
1 10.827432667515124 0.43 1525320208.6105103
2 11.025346791418915 0.377 1525320208.696768
1 10.824693714873296 0.43 1525320209.1555653
2 11.476572073021114 0.377 1525320209.2129643
2 12.053186453977943 0.342 1525320209.701334
1 10.806238209467827 0.43 1525320209.7249012
1 10.906534230162459 0.43 1525320210.2630167
2 11.403612172982864 0.342 1525320210.2864075
1 10.9870472308007 0.43 1525320210.8161964
2 10.598093067478558 0.342 1525320210.8367915
2 10.870508229118792 0.342 1525320211.381925
1 10.68347362183681 0.43 1525320211.4042704
1 10.652345692091343 0.43 1525320211.9367201
2 10.330431018640164 0.342 1525320211.9846818
1 10.579805408753097 0.43 1525320212.5141065
2 9.915391955367088 0.4078 1525320212.5791707
2 10.868852650502431 0.4078 1525320213.0919409
1 10.414918933836592 0.43 1525320213.1152518
2 12.36160472847821 0.3728 1525320213.5513294
1 10.782617603955087 0.43 1525320213.6266792
2 12.088945426212518 0.3378 1525320214.0799897
1 11.11075786335535 0.43 1525320214.1746562
2 10.925462758029749 0.3378 1525320214.651903
1 10.751916920304147 0.43 1525320214.7475867
2 10.658540760462252 0.3378 1525320215.2059512
1 10.676591907956812 0.43 1525320215.2925103
2 10.913324391307919 0.3378 1525320215.7479944
1 10.846483265695134 0.43 1525320215.8574326
2 10.569139515178541 0.3378 1525320216.3437681
1 10.839715992733316 0.43 1525320216.4015522
2 10.842676197816944 0.3378 1525320216.8566043
1 11.106248891178982 0.43 1525320216.9349828
2 11.077600514660785 0.3378 1525320217.426003
1 10.956407582306129 0.43 1525320217.4955423
2 10.877878224249711 0.3378 1525320217.9606955
1 10.736047779649581 0.43 1525320218.0501626
2 10.688707386494997 0.3378 1525320218.5472515
1 10.897256886395173 0.43 1525320218.602094
2 10.298242603052858 0.3378 1525320219.1256137
1 10.911844288766098 0.43 1525320219.1571577
2 10.388681445994758 0.3378 1525320219.7041883
1 10.658540760462248 0.43 1525320219.728169
1 10.493654285545754 0.43 1525320220.2950559
2 10.050890002494478 0.3378 1525320220.3161426
2 10.089853320438147 0.3378 1525320220.3441448
1 10.473764453965735 0.43 1525320220.3653653
2 4 frame freq 1525320220.366887
1 4 frame freq 1525320220.367211
1 10.741846119504139 0.43 1525320220.8791103
2 9.852121386401588 0.404 1525320220.9240818
2 7.367760671987682 0.4636 1525320221.3902783
1 10.805353199700553 0.43 1525320221.410841
2 8.278726608080285 0.5172333333333333 1525320221.7929883
1 7.824204459458972 0.487 1525320221.8933065
2 9.620279344954124 0.5655 1525320222.1694481
1 8.130228072647427 0.5383 1525320222.3537893
2 10.411500965080235 0.5655 1525320222.5464065
1 8.784997971327977 0.5844666666666667 1525320222.76699
2 10.762880360265976 0.5655 1525320222.9091601
1 9.479265245570371 0.626 1525320223.1591582
2 10.800119435042365 0.5655 1525320223.2781966
1 10.121347461121811 0.626 1525320223.5391662
2 10.873415028440606 0.5655 1525320223.6469836
1 10.563997303254899 0.626 1525320223.9050653
2 10.908998524600646 0.5655 1525320224.0101814
1 10.917116200397007 0.626 1525320224.2615972
2 11.08741954544079 0.5655 1525320224.3618326
1 10.967378651662507 0.626 1525320224.6319265
2 11.097124135302618 0.5655 1525320224.7274108
1 11.038171803649838 0.626 1525320224.9894807
2 11.082460438986242 0.5655 1525320225.0902731
1 10.984315907553432 0.626 1525320225.3521225
2 11.005380665893446 0.5655 1525320225.4527209
1 11.139390981084462 0.626 1525320225.7128906
2 10.918207203817012 0.5655 1525320225.830398
1 11.113153493242628 0.626 1525320226.06925
2 11.041399037542572 0.5655 1525320226.1774764
1 10.938379322995203 0.626 1525320226.4486594
2 11.03805736273165 0.5655 1525320226.5380535
1 10.932931935289755 0.626 1525320226.808796
2 11.087213551788057 0.5655 1525320226.9102876
1 10.967515980764329 0.626 1525320227.1660078
2 11.066637074698948 0.5655 1525320227.2636409
1 11.111429250075354 0.626 1525320227.527437
2 11.14450267542993 0.5655 1525320227.6164255
1 11.080080067888053 0.626 1525320227.890412
2 11.307710683546423 0.5655 1525320227.9697561
1 10.93574718187703 0.626 1525320228.2607238
2 11.129503285753552 0.5655 1525320228.3415487
1 10.962648427044314 0.626 1525320228.6239755
2 10.92834666916793 0.5655 1525320228.7150772
1 11.09466747025897 0.626 1525320228.9744937
2 10.77916911762053 0.5655 1525320229.0864425
1 11.03296855656983 0.626 1525320229.3496275
2 10.969385182427958 0.5655 1525320229.4336116
1 10.944063221931573 0.626 1525320229.721647
2 11.060602223613499 0.5655 1525320229.7980618
1 10.77888683002235 0.626 1525320230.0870044
2 10.962404286418865 0.5655 1525320230.1789272
1 10.87333110510061 0.626 1525320230.4554217
2 10.71173289923321 0.5655 1525320230.5546863
1 10.959459340124324 0.626 1525320230.8142655
2 10.739564930535048 0.5655 1525320230.9172971
1 11.038354909118926 0.626 1525320231.172216
2 10.733606373395046 0.5655 1525320231.2958434
1 11.133165395135368 0.626 1525320231.531847
2 10.831819569378762 0.5655 1525320231.666215
1 11.130762135853546 0.626 1525320231.895099
2 11.16974834198086 0.5655 1525320232.0055656
1 11.119020497648087 0.626 1525320232.2513702
2 11.269464528690026 0.5655 1525320232.3609297
1 11.0748005268626 0.626 1525320232.613016
2 11.392190969348308 0.5655 1525320232.7148612
1 11.221513783971806 0.626 1525320232.965146
2 10.562028919462165 0.5655 1525320233.127699
1 11.280122792870037 0.626 1525320233.3167212
2 10.413301502192963 0.5655 1525320233.5157216
1 11.422182119306523 0.626 1525320233.6659594
2 10.559534107445804 0.5655 1525320233.851788
1 11.208818471448165 0.626 1525320234.0325198
2 11.043649708933481 0.5655 1525320234.2124135
1 11.238321340155455 0.626 1525320234.3820465
2 11.232011830866357 0.5655 1525320234.5825365
1 11.169740712586306 0.626 1525320234.740525
2 10.974191700991604 0.5655 1525320234.946593
1 11.064851796375313 0.626 1525320235.11949
2 11.016046559467998 0.5655 1525320235.3036427
1 10.942506825444307 0.626 1525320235.4795222
2 10.945894276622486 0.5655 1525320235.677853
1 10.777734791445983 0.626 1525320235.8525324
2 10.875398671022426 0.5655 1525320236.0483444
1 10.935449635489757 0.626 1525320236.215073
2 10.795412098607814 0.5655 1525320236.415596
1 10.965181386033407 0.626 1525320236.576712
2 10.78035167377508 0.5655 1525320236.7924194
1 11.012178456433457 0.626 1525320236.941426
2 10.828958546424209 0.5655 1525320237.1563418
1 11.072763478518958 0.626 1525320237.2997339
2 10.983903920247977 0.5655 1525320237.5081031
1 11.115381276449904 0.626 1525320237.653349
2 11.05719951364622 0.5655 1525320237.876665
1 11.072526967288047 0.626 1525320238.0273328
2 10.95537761404249 0.5655 1525320238.2545967
1 11.073335683109873 0.626 1525320238.3818493
2 10.84862712556241 0.5655 1525320238.612732
1 10.979593312329788 0.626 1525320238.7460861
2 10.735986744493221 0.5655 1525320238.9937553
1 11.020662343168002 0.626 1525320239.114686
2 10.718606983718663 0.5655 1525320239.3737643
1 10.884401356586077 0.626 1525320239.4854443
2 10.354051624152905 0.5655 1525320239.7728796
1 10.969842946100684 0.626 1525320239.8420467
2 10.708360706844113 0.5655 1525320240.114271
1 11.031396901293464 0.626 1525320240.2019484
2 11.040002858340742 0.5655 1525320240.459879
1 11.05073741646621 0.626 1525320240.5704782
2 11.708787954801307 0.5655 1525320240.7955189
1 11.067903554193494 0.626 1525320240.9257834
2 11.437547719921076 0.5655 1525320241.1652553
1 11.04537395210075 0.626 1525320241.292621
2 10.967607533498875 0.5655 1525320241.5534647
1 11.132371938102649 0.626 1525320241.6491034
2 10.819879566915114 0.5655 1525320241.9051611
1 11.018465077538913 0.626 1525320242.0137227
2 11.031702077075288 0.5655 1525320242.251738
1 11.138093984011741 0.626 1525320242.3657365
2 10.82124522853875 0.5655 1525320242.6635485
1 11.198701894280882 0.626 1525320242.72047
2 10.765764271404151 0.5655 1525320243.0231345
1 11.224725759075444 0.626 1525320243.0833738
2 10.635080372234954 0.5655 1525320243.3793986
1 11.01481059755163 0.626 1525320243.455476
2 11.285944020908218 0.5655 1525320243.7247868
1 10.902505909842446 0.626 1525320243.82063
2 11.1646366476354 0.5655 1525320244.095876
1 10.86247447666242 0.626 1525320244.1885707
2 11.173097646186314 0.5655 1525320244.455449
1 10.972009694151605 0.626 1525320244.5526361
2 11.149164235497201 0.5655 1525320244.800841
1 10.979761159009795 0.626 1525320244.9122245
2 11.061891591291682 0.5655 1525320245.178929
1 11.085557973171694 0.626 1525320245.2698953
2 10.958986317662495 0.5655 1525320245.5496707
1 11.072237050295321 0.626 1525320245.6357179
2 10.766107594158697 0.5655 1525320245.9169984
1 11.014917409075267 0.626 1525320246.0037682
2 10.988290822111617 0.5655 1525320246.2731335
1 10.936792408929753 0.626 1525320246.3669794
2 10.819307362324198 0.5655 1525320246.6579792
1 11.086320912626244 0.626 1525320246.7143073
2 11.033205067800738 0.5655 1525320247.0085285
1 11.082849538108054 0.626 1525320247.0848978
2 10.823862110867847 0.5655 1525320247.3834224
1 11.225610768842726 0.626 1525320247.4371142
2 11.015062367571632 0.5655 1525320247.7491474
1 11.14877513637538 0.626 1525320247.7924962
2 10.773195301691434 0.5655 1525320248.117552
1 11.233026540340914 0.626 1525320248.15274
2 10.81272319483147 0.5655 1525320248.490921
1 11.289423024820952 0.626 1525320248.5144644
2 10.92296031661884 0.5655 1525320248.8466282
1 11.12729839072991 0.626 1525320248.8714468
2 10.905809437680631 0.5655 1525320249.219897
1 11.131174123159001 0.626 1525320249.2418027
2 11.022317921784365 0.5655 1525320249.5789897
1 10.946153676037028 0.626 1525320249.5997162
2 10.744340931520501 0.5655 1525320249.9646773
1 10.925272023166112 0.626 1525320249.985987
2 10.822702442896926 0.5655 1525320250.33018
1 10.826570545931474 0.626 1525320250.3531978
1 10.895731007486084 0.626 1525320250.6991155
2 10.73443797740049 0.5655 1525320250.7226021
2 10.921518361049738 0.5655 1525320251.062507
1 10.968492543266146 0.626 1525320251.0837593
1 11.065042531238955 0.626 1525320251.4238262
2 10.852945362875138 0.5655 1525320251.4449806
2 11.05286601754439 0.5655 1525320251.7822013
1 11.044183766551656 0.626 1525320251.8036318
1 11.072099721193501 0.626 1525320252.1475286
2 10.965379750291591 0.5655 1525320252.1705983
2 11.285165822664583 0.5655 1525320252.4965146
1 10.96448711112977 0.626 1525320252.5199049
2 11.099954640678979 0.5655 1525320252.863021
1 10.823923146024207 0.626 1525320252.8911648
2 11.431200063659247 0.5655 1525320253.2059531
1 10.766435658124157 0.626 1525320253.260761
2 11.039430653749836 0.5655 1525320253.5845325
1 10.807962452635095 0.626 1525320253.630018
2 11.234254872862726 0.5655 1525320253.9391034
1 10.94625285816613 0.626 1525320253.990172
2 11.043764149851665 0.5655 1525320254.2927496
1 11.09970287065898 0.626 1525320254.3415775
2 11.421335256511975 0.5655 1525320254.6327431
1 11.155603444493574 0.626 1525320254.7041254
2 11.292322194748236 0.5655 1525320254.9952943
1 10.997171437362534 0.626 1525320255.080629
2 11.34720805910827 0.5655 1525320255.351524
1 10.90334514324246 0.626 1525320255.4437265
2 11.173624074409945 0.5655 1525320255.7085478
1 10.935037648184291 0.626 1525320255.801398
2 11.0888157246426 0.5655 1525320256.0772133
1 11.167429006039029 0.626 1525320256.1540167
2 11.060266530253495 0.5655 1525320256.4343007
1 11.141138112435373 0.626 1525320256.5211225
2 11.10887340290262 0.5655 1525320256.7886286
1 11.132768666619013 0.626 1525320256.881673
2 11.363107717341016 0.5655 1525320257.1350787
1 11.06523326610259 0.626 1525320257.2401311
2 11.56181529827754 0.5655 1525320257.472124
1 11.134943044064464 0.626 1525320257.5965521
2 11.588968313464836 0.5655 1525320257.822053
1 11.130701100697188 0.626 1525320257.9575307
2 11.791917837768642 0.5655 1525320258.150783
1 11.020311391018907 0.626 1525320258.329684
2 11.386079824317392 0.5655 1525320258.5281203
1 11.039979970157113 0.626 1525320258.6860619
2 11.191858327373602 0.5655 1525320258.8942723
1 11.02173808779892 0.626 1525320259.0474877
2 10.90551189129337 0.5655 1525320259.2495532
1 11.00747874939345 0.626 1525320259.4199903
2 10.715181385567755 0.5655 1525320259.646344
1 10.833261524947853 0.626 1525320259.7930396
2 10.722436939780483 0.5655 1525320260.0185628
1 10.855073963953329 0.626 1525320260.153766
2 10.606767689076747 0.5655 1525320260.3822153
1 10.942056691166119 0.626 1525320260.51364
1 11.017190968649825 0.626 1525320260.8806763
