1 0.24016189575195312
2 0.43076300621032715
3 0.5997560024261475
4 0.7531278133392334
5 0.9037816524505615
6 1.0210661888122559
7 1.1989872455596924
8 1.289658784866333
9 1.4410498142242432
10 1.5635886192321777
11 1.6819002628326416
12 1.7721376419067383
13 1.8901066780090332
14 1.9807438850402832
15 2.10619854927063
16 2.1993212699890137
17 2.3146700859069824
18 2.403956174850464
19 2.5194482803344727
20 2.6393771171569824
21 2.736281156539917
22 2.881784200668335
23 2.948634624481201
24 3.045535087585449
25 3.1307082176208496
26 3.2367944717407227
27 3.33510684967041
28 3.419872760772705
29 3.538862943649292
30 3.6608786582946777
31 3.7560346126556396
32 3.8150253295898438
33 3.9069929122924805
34 3.9995181560516357
35 4.091262578964233
36 4.169609069824219
37 4.233618974685669
38 4.318873882293701
39 4.411440134048462
40 4.520317554473877
41 4.6353600025177
42 4.744323253631592
43 4.852009534835815
44 4.941013336181641
45 5.0096518993377686
46 5.099321365356445
47 5.191125392913818
48 5.282200336456299
49 5.369542121887207
50 5.500519514083862
51 5.61935567855835
52 5.72131085395813
53 5.8263750076293945
54 5.940084218978882
55 6.048666954040527
56 6.14937686920166
57 6.301569700241089
58 6.373511791229248
59 6.469109535217285
60 6.5442516803741455
61 6.64005970954895
62 6.735996246337891
63 6.8389012813568115
64 6.9347662925720215
65 7.021654367446899
66 7.13951563835144
67 7.231478214263916
68 7.324275255203247
69 7.417036771774292
70 7.532724618911743
71 7.622600793838501
72 7.74341893196106
73 7.81850528717041
74 7.901015281677246
75 7.985828161239624
76 8.054981708526611
77 8.137879133224487
78 8.222903966903687
79 8.329628705978394
80 8.4362633228302
81 8.524009943008423
82 8.612994194030762
83 8.712845087051392
84 8.825616359710693
85 8.923506736755371
86 9.035743236541748
87 9.16220736503601
88 9.247570276260376
89 9.331850290298462
90 9.42580270767212
91 9.520430088043213
92 9.639956712722778
93 9.752679109573364
94 9.851543188095093
95 9.9333655834198
96 10.051673889160156
97 10.139764070510864
98 10.261564254760742
99 10.351875305175781
100 10.445504665374756
101 10.56763744354248
102 10.684160947799683
103 10.76876187324524
104 10.879882097244263
105 10.98129653930664
106 11.069672107696533
107 11.189404249191284
108 11.281311273574829
109 11.401392459869385
110 11.445924043655396
111 11.524038791656494
112 11.639285326004028
113 11.753869771957397
114 11.821579694747925
115 11.943935871124268
116 12.034749507904053
117 12.148859977722168
118 12.24452829360962
119 12.309794187545776
120 12.392410516738892
121 12.480258464813232
122 12.571022033691406
123 12.661670207977295
124 12.750545501708984
125 12.840373992919922
126 12.964046478271484
127 13.080265760421753
128 13.170682907104492
129 13.291306495666504
130 13.356621026992798
131 13.448148012161255
132 13.558816194534302
133 13.651671886444092
134 13.743142127990723
135 13.862823486328125
136 13.958483695983887
137 14.04625415802002
138 14.119941473007202
139 14.21753716468811
140 14.289055347442627
141 14.401451587677002
142 14.491062879562378
143 14.608906745910645
144 14.738190650939941
145 14.82344365119934
146 14.948544979095459
147 15.03999137878418
148 15.120200872421265
149 15.238849878311157
150 15.35717511177063
151 15.449820518493652
152 15.539111375808716
153 15.630023002624512
154 15.726860761642456
155 15.78633737564087
156 15.869902610778809
157 15.97898006439209
158 16.082419633865356
159 16.17403292655945
160 16.260295629501343
161 16.349360466003418
162 16.42295002937317
163 16.482030868530273
164 16.586836338043213
165 16.68650722503662
166 16.77292799949646
167 16.878969430923462
168 16.95376753807068
169 17.042805194854736
170 17.160512447357178
171 17.285322666168213
172 17.351516485214233
173 17.43454337120056
174 17.521904468536377
175 17.609878063201904
176 17.72885537147522
177 17.794290781021118
178 17.908746004104614
179 18.004339456558228
180 18.100981950759888
181 18.19189739227295
182 18.277613401412964
183 18.35979413986206
184 18.454214811325073
185 18.54487419128418
186 18.650194883346558
187 18.753972053527832
188 18.873703241348267
189 18.96497368812561
190 19.08137059211731
191 19.143187522888184
192 19.230178594589233
193 19.327542304992676
194 19.416460752487183
195 19.47751522064209
196 19.59162664413452
197 19.711989641189575
198 19.811113119125366
199 19.897715091705322
200 19.984604597091675
201 20.04932475090027
202 20.164891719818115
203 20.25355362892151
204 20.369060277938843
205 20.464117288589478
206 20.584341526031494
207 20.71037197113037
208 20.789318799972534
209 20.85454750061035
210 20.97006368637085
211 21.05996584892273
212 21.150640726089478
213 21.26903772354126
214 21.39269208908081
215 21.485095500946045
216 21.551403045654297
217 21.628913640975952
218 21.693046808242798
219 21.783912897109985
220 21.901625156402588
221 22.014387130737305
222 22.11442542076111
223 22.23035979270935
224 22.327499866485596
225 22.414514780044556
226 22.47422218322754
227 22.59310817718506
228 22.70911931991577
229 22.829591035842896
230 22.950690984725952
231 23.070866584777832
232 23.13076686859131
233 23.219879150390625
234 23.285096406936646
235 23.34724998474121
236 23.430909395217896
237 23.521342515945435
238 23.609538555145264
239 23.7078754901886
240 23.8227276802063
241 23.908881902694702
242 24.03377628326416
243 24.098141193389893
244 24.163352012634277
245 24.271812200546265
246 24.36182165145874
247 24.479257106781006
248 24.569803714752197
249 24.689292669296265
250 24.753796339035034
251 24.877153396606445
252 24.992985248565674
253 25.101834535598755
254 25.199403524398804
255 25.266703128814697
256 25.382516622543335
257 25.50065279006958
258 25.609523057937622
259 25.712323665618896
260 25.778124809265137
261 25.86642837524414
262 25.928686380386353
263 26.03487467765808
264 26.120786905288696
265 26.22012758255005
266 26.31981348991394
267 26.42371106147766
268 26.529633045196533
269 26.639392137527466
270 26.72935438156128
271 26.851948976516724
272 26.959083318710327
273 27.114871740341187
274 27.260650157928467
275 27.383591175079346
276 27.509197235107422
277 27.620169639587402
278 27.739782333374023
279 27.869430780410767
280 28.019657135009766
281 28.139607667922974
282 28.259366035461426
283 28.399510622024536
284 28.520954370498657
285 28.680134773254395
286 28.797815084457397
287 28.916423082351685
288 29.04159188270569
289 29.179910898208618
290 29.301321029663086
291 29.419482707977295
292 29.55330777168274
293 29.67140007019043
294 29.765358924865723
295 29.871763706207275
296 30.02078914642334
297 30.14090132713318
298 30.232041120529175
299 30.35482954978943
300 30.4696261882782
301 30.600849866867065
302 30.709983110427856
303 30.834888219833374
304 30.933889627456665
305 31.043745279312134
306 31.17022395133972
307 31.309611558914185
308 31.410569667816162
309 31.557467222213745
310 31.672807931900024
311 31.769381523132324
312 31.919407606124878
313 32.03436994552612
314 32.13518691062927
315 32.282365560531616
316 32.390188455581665
317 32.51934742927551
318 32.67377281188965
319 32.79672622680664
320 32.8851273059845
321 32.97151017189026
322 33.10971140861511
323 33.21057057380676
324 33.339149713516235
325 33.41985297203064
326 33.52960538864136
327 33.656543016433716
328 33.76953077316284
329 33.839534521102905
330 33.92961931228638
331 34.052879333496094
332 34.11730885505676
333 34.2261598110199
334 34.34922242164612
335 34.418431758880615
336 34.48091983795166
337 34.58278846740723
338 34.655884742736816
339 34.74395704269409
340 34.859944105148315
341 34.94933104515076
342 35.0600860118866
343 35.15971612930298
344 35.261908292770386
345 35.36380052566528
346 35.436519145965576
347 35.52332043647766
348 35.63120651245117
349 35.73227286338806
350 35.85661435127258
351 35.91884708404541
352 36.03229856491089
353 36.15382933616638
354 36.24609637260437
355 36.38885760307312
356 36.51049256324768
357 36.635024547576904
358 36.759467124938965
359 36.874178647994995
360 36.99158525466919
361 37.108845710754395
362 37.261818647384644
363 37.412142276763916
364 37.532127380371094
365 37.680407762527466
366 37.79895281791687
367 37.91887903213501
368 38.063591957092285
369 38.193275451660156
370 38.30888605117798
371 38.43150448799133
372 38.55170774459839
373 38.668769121170044
374 38.78889083862305
375 38.88471031188965
376 39.03133702278137
377 39.15366077423096
378 39.24078130722046
379 39.329922676086426
380 39.45516061782837
381 39.571335554122925
382 39.68881607055664
383 39.81258463859558
384 39.930760622024536
385 40.054959535598755
386 40.17174577713013
387 40.262176752090454
388 40.3501398563385
389 40.46940541267395
390 40.563809633255005
391 40.682459592819214
392 40.80050086975098
393 40.91881775856018
394 41.03898620605469
395 41.1589138507843
396 41.25403594970703
397 41.378233194351196
398 41.46052694320679
399 41.57933855056763
400 41.731027364730835
401 41.82470417022705
402 41.93938231468201
403 42.060582399368286
404 42.15315246582031
405 42.26948833465576
406 42.3897602558136
407 42.50962162017822
408 42.599446058273315
409 42.71980118751526
410 42.80979514122009
411 42.92870879173279
412 43.054076194763184
413 43.17070770263672
414 43.32256007194519
415 43.4773736000061
416 43.58921980857849
417 43.7129111289978
418 43.829121351242065
419 43.95718765258789
420 44.073211431503296
421 44.19449758529663
422 44.34191179275513
423 44.438108921051025
424 44.531508684158325
425 44.64688754081726
426 44.760098457336426
427 44.8802649974823
428 44.998732805252075
429 45.11963772773743
430 45.24609375
431 45.39366388320923
432 45.51482367515564
433 45.606398582458496
434 45.72043585777283
435 45.81345582008362
436 45.95978379249573
437 46.05987310409546
438 46.17708921432495
439 46.26516008377075
440 46.4094033241272
441 46.529823541641235
442 46.64913272857666
443 46.77617001533508
444 46.86354875564575
445 47.008758544921875
446 47.16321635246277
447 47.282031536102295
448 47.39889645576477
449 47.50933218002319
450 47.6440372467041
451 47.764135122299194
452 47.90919518470764
453 48.0349223613739
454 48.15111589431763
455 48.26909351348877
456 48.391860246658325
457 48.515681982040405
458 48.60048055648804
459 48.75094389915466
460 48.86908173561096
461 48.96395802497864
462 49.10884666442871
463 49.26223039627075
464 49.37069892883301
465 49.47898054122925
466 49.59013509750366
467 49.71080160140991
468 49.82007074356079
469 49.94922089576721
470 50.039552450180054
471 50.15872073173523
472 50.281424045562744
473 50.37010884284973
474 50.493465423583984
475 50.6088011264801
476 50.73142147064209
477 50.82244944572449
478 50.944753646850586
479 51.0334575176239
480 51.15698838233948
481 51.2693305015564
482 51.39015293121338
483 51.509504318237305
484 51.628950357437134
485 51.748281955718994
486 51.87472105026245
487 51.96133780479431
488 52.02669620513916
489 52.12994980812073
490 52.20187425613403
491 52.28972840309143
492 52.41337847709656
493 52.47532534599304
494 52.587780475616455
495 52.67987418174744
496 52.77100658416748
497 52.89013385772705
498 52.99957036972046
499 53.13343000411987
500 53.21880125999451
501 53.31693768501282
502 53.40075707435608
503 53.49435877799988
504 53.61303663253784
505 53.704352617263794
506 53.79001784324646
507 53.883110761642456
508 53.98095417022705
509 54.06786870956421
510 54.14965319633484
511 54.24676442146301
512 54.365591049194336
513 54.42799210548401
514 54.54288983345032
515 54.63421273231506
516 54.75234603881836
517 54.819819927215576
518 54.932541370391846
519 55.0188467502594
520 55.144553422927856
521 55.230231523513794
522 55.31896781921387
523 55.43884754180908
524 55.56193232536316
525 55.66077160835266
526 55.778956174850464
527 55.864848375320435
528 55.96153688430786
529 56.07366871833801
530 56.191346406936646
531 56.28325295448303
532 56.380125999450684
533 56.49636650085449
534 56.62099099159241
535 56.70801830291748
536 56.82905554771423
537 56.91184043884277
538 57.0083909034729
539 57.099257469177246
540 57.221755266189575
541 57.311298847198486
542 57.39696431159973
543 57.51684308052063
544 57.61063742637634
545 57.691136837005615
546 57.78594994544983
547 57.90772461891174
548 58.02818036079407
549 58.12120008468628
550 58.23729348182678
551 58.32887554168701
552 58.44801330566406
553 58.567216634750366
554 58.68345046043396
555 58.811378955841064
556 58.89598226547241
557 59.01609563827515
558 59.137874126434326
559 59.25402116775513
560 59.34629702568054
561 59.46609878540039
562 59.58738970756531
563 59.67187714576721
564 59.76806640625
565 59.881696701049805
566 60.00347447395325
567 60.12274241447449
568 60.209522008895874
569 60.30364465713501
570 60.427406549453735
571 60.51780080795288
572 60.64019966125488
573 60.69917845726013
574 60.81600761413574
575 60.93165469169617
576 61.02149844169617
577 61.085344314575195
578 61.212015867233276
579 61.30042052268982
580 61.41957235336304
581 61.50520300865173
582 61.62444710731506
583 61.70935082435608
584 61.804567098617554
585 61.92931580543518
586 62.02035641670227
587 62.109713554382324
588 62.20006775856018
589 62.29215216636658
590 62.40336513519287
591 62.49711012840271
592 62.61652636528015
593 62.733356952667236
594 62.83417201042175
595 62.91387724876404
596 63.004122734069824
597 63.10034894943237
598 63.18185567855835
599 63.27754211425781
600 63.360820293426514
601 63.454927921295166
602 63.580488443374634
603 63.67353844642639
604 63.760759353637695
605 63.84700846672058
606 63.939982414245605
607 64.01982569694519
608 64.11540603637695
609 64.20287346839905
610 64.29606103897095
611 64.44314908981323
612 64.50507402420044
613 64.59047102928162
614 64.68377876281738
615 64.8044080734253
616 64.89209151268005
617 65.01271152496338
618 65.13736748695374
619 65.22945427894592
620 65.34777784347534
621 65.46371388435364
622 65.55358266830444
623 65.64406132698059
624 65.79255104064941
625 65.91573286056519
626 65.97980570793152
627 66.1168200969696
628 66.19139623641968
629 66.29141402244568
630 66.39543628692627
631 66.49939727783203
632 66.61946439743042
633 66.70750045776367
634 66.84687304496765
635 66.93226385116577
636 67.0389711856842
637 67.11484861373901
638 67.248863697052
639 67.36915826797485
640 67.49613785743713
641 67.61673426628113
642 67.7002956867218
643 67.81931447982788
644 67.93935799598694
645 68.08894085884094
646 68.19483423233032
647 68.29884147644043
648 68.41879272460938
649 68.56892943382263
650 68.71889519691467
651 68.83897352218628
652 68.9925754070282
653 69.10886430740356
654 69.26044940948486
655 69.41121578216553
656 69.55876755714417
657 69.67885684967041
658 69.83524441719055
659 69.9488775730133
660 70.06969165802002
661 70.18901181221008
662 70.3392276763916
663 70.46185088157654
664 70.57002186775208
665 70.67939329147339
666 70.8009991645813
667 70.94484114646912
668 71.05911898612976
669 71.16352796554565
670 71.25153183937073
671 71.3888521194458
672 71.51029801368713
673 71.6288514137268
674 71.73209118843079
675 71.86890459060669
676 71.97245597839355
677 72.10359048843384
678 72.21425271034241
679 72.33103346824646
680 72.48041343688965
681 72.58884596824646
682 72.69813966751099
683 72.81246018409729
684 72.92075252532959
685 73.02695679664612
686 73.14352560043335
687 73.27883100509644
688 73.3861632347107
689 73.5054383277893
690 73.61959099769592
691 73.74129009246826
692 73.88629341125488
693 74.01431775093079
694 74.13193845748901
695 74.2705180644989
696 74.41889142990112
697 74.53946018218994
698 74.6093397140503
699 74.74928426742554
700 74.86898303031921
701 75.02769303321838
702 75.12354493141174
703 75.21090912818909
704 75.33732533454895
705 75.43889665603638
706 75.55947065353394
707 75.6690263748169
708 75.78809809684753
709 75.91888642311096
710 76.0248053073883
711 76.17758870124817
712 76.35436487197876
713 76.52893137931824
714 76.69135642051697
715 76.86254048347473
716 77.03967118263245
717 77.22979855537415
718 77.40347194671631
719 77.5867428779602
720 77.7720274925232
721 77.94515490531921
722 78.06152629852295
723 78.24918961524963
724 78.36735844612122
725 78.48697900772095
726 78.63871455192566
727 78.78899812698364
728 78.91009402275085
729 79.05624961853027
730 79.20076584815979
731 79.3638391494751
732 79.47910714149475
733 79.59830474853516
734 79.7429313659668
735 79.86579942703247
736 80.01943016052246
737 80.13893127441406
738 80.25880241394043
739 80.42165470123291
740 80.58528757095337
741 80.70384359359741
742 80.82367944717407
743 80.94324159622192
744 81.09846639633179
745 81.21116614341736
746 81.35142588615417
747 81.4832239151001
748 81.63680768013
749 81.75543022155762
750 81.87060451507568
751 82.01949739456177
752 82.14940619468689
753 82.29662036895752
754 82.44448614120483
755 82.56191730499268
756 82.68387150764465
757 82.8395721912384
758 82.98671364784241
759 83.13042688369751
760 83.25053572654724
761 83.37983655929565
762 83.51451826095581
763 83.61452746391296
764 83.73753333091736
765 83.85655689239502
766 83.97654986381531
767 84.09881806373596
768 84.21432089805603
769 84.33840703964233
770 84.45891809463501
771 84.57531213760376
772 84.69338345527649
773 84.8132815361023
774 84.93172669410706
775 85.05637073516846
776 85.17114543914795
777 85.26482486724854
778 85.38206577301025
779 85.5013689994812
780 85.62936758995056
781 85.74495506286621
782 85.8693494796753
783 86.01340389251709
784 86.14028334617615
785 86.22903656959534
786 86.34395360946655
787 86.46065783500671
788 86.58542919158936
789 86.70082020759583
790 86.82665777206421
791 86.93926239013672
792 87.06112670898438
793 87.16905498504639
794 87.30248403549194
795 87.42167401313782
796 87.51812696456909
797 87.6628258228302
798 87.78165078163147
799 87.87062072753906
800 87.9916353225708
801 88.05877900123596
802 88.20313358306885
803 88.3191249370575
804 88.40934538841248
805 88.51895022392273
806 88.63985681533813
807 88.73922348022461
808 88.82938194274902
809 88.92435312271118
810 89.03883647918701
811 89.13235282897949
812 89.24885487556458
813 89.34315490722656
814 89.44892001152039
815 89.55171656608582
816 89.64302444458008
817 89.72886347770691
818 89.82375192642212
819 89.93933916091919
820 90.05223083496094
821 90.14948272705078
822 90.25938606262207
823 90.36026811599731
824 90.45398736000061
825 90.5412232875824
826 90.63424921035767
827 90.71434164047241
828 90.82913041114807
829 90.93116307258606
830 91.04974865913391
831 91.17186903953552
832 91.26090502738953
833 91.32189965248108
834 91.42438316345215
835 91.51150894165039
836 91.59288263320923
837 91.71439409255981
838 91.8022403717041
839 91.89467263221741
840 92.01810002326965
841 92.07642126083374
842 92.13792061805725
843 92.23323321342468
844 92.31600689888
845 92.40385127067566
846 92.53161263465881
847 92.61474275588989
848 92.70408582687378
849 92.79394340515137
850 92.88437581062317
851 92.94409680366516
852 93.01675128936768
853 93.12672734260559
854 93.22001194953918
855 93.33626008033752
856 93.42632031440735
857 93.51309466362
858 93.59956383705139
859 93.69969701766968
860 93.82660794258118
861 93.91098046302795
862 94.02534365653992
863 94.11666965484619
864 94.22053980827332
865 94.32789850234985
866 94.41459393501282
867 94.50585556030273
868 94.5977942943573
869 94.66384100914001
870 94.75597405433655
871 94.85148668289185
872 94.93464255332947
873 95.01895999908447
874 95.07544684410095
875 95.19295120239258
876 95.27994394302368
877 95.37471675872803
878 95.46755576133728
879 95.56445169448853
880 95.62390613555908
881 95.74032187461853
882 95.8280074596405
883 95.91363739967346
884 96.02283835411072
885 96.09324908256531
886 96.20952033996582
887 96.32396936416626
888 96.42908906936646
889 96.51617360115051
890 96.60589718818665
891 96.66731667518616
892 96.75515222549438
893 96.84810996055603
894 96.93733072280884
895 97.05774712562561
896 97.14695596694946
897 97.23990654945374
898 97.32782363891602
899 97.39579629898071
900 97.47144651412964
901 97.5990240573883
902 97.71203255653381
903 97.80818891525269
904 97.92385601997375
905 98.04410147666931
906 98.17544484138489
907 98.24975824356079
908 98.3240065574646
909 98.40809297561646
910 98.51231455802917
911 98.58600497245789
912 98.6482183933258
913 98.75023937225342
914 98.82789206504822
915 98.93187355995178
916 99.01199650764465
917 99.07683420181274
918 99.15298914909363
919 99.21617436408997
920 99.30185675621033
921 99.39746642112732
922 99.51987361907959
923 99.60807776451111
924 99.7100043296814
925 99.820876121521
926 99.90923714637756
927 99.9791967868805
928 100.07932305335999
929 100.17191863059998
930 100.26910901069641
931 100.3864483833313
932 100.47401595115662
933 100.58995389938354
934 100.67418503761292
935 100.75388622283936
936 100.85138964653015
937 100.91956043243408
938 101.04313325881958
939 101.10245037078857
940 101.20398712158203
941 101.28339409828186
942 101.35878419876099
943 101.45871639251709
944 101.55901074409485
945 101.63888001441956
946 101.72938799858093
947 101.82203102111816
948 101.91763424873352
949 102.01405787467957
950 102.11255478858948
951 102.21543288230896
952 102.30388808250427
953 102.40116000175476
954 102.45648336410522
955 102.54803848266602
956 102.66301655769348
957 102.76189494132996
958 102.89490056037903
959 102.99555230140686
960 103.13036227226257
961 103.23879790306091
962 103.29857683181763
963 103.39956831932068
964 103.5044960975647
965 103.59884119033813
966 103.71598505973816
967 103.80787301063538
968 103.900071144104
969 104.01466941833496
970 104.10750579833984
971 104.22433161735535
972 104.31250405311584
973 104.38923478126526
974 104.47006249427795
975 104.56000876426697
976 104.62369084358215
977 104.71985626220703
978 104.82124042510986
979 104.91388821601868
980 105.0079402923584
981 105.12361669540405
982 105.21677303314209
983 105.3342022895813
984 105.46919965744019
985 105.57588052749634
986 105.6669511795044
987 105.76936197280884
988 105.87381172180176
989 105.96349239349365
990 106.0617687702179
991 106.12395358085632
992 106.20854759216309
993 106.29939031600952
994 106.42009854316711
995 106.51198530197144
996 106.58978295326233
997 106.65490651130676
998 106.76889872550964
999 106.83717083930969
1000 106.93187808990479
1001 107.00960397720337
1002 107.10700273513794
1003 107.19851851463318
1004 107.28187870979309
1005 107.37595725059509
1006 107.49598479270935
1007 107.58386754989624
1008 107.68798470497131
1009 107.76620173454285
1010 107.85611748695374
1011 107.91305732727051
1012 108.03978657722473
1013 108.12956166267395
1014 108.24593019485474
1015 108.36814260482788
1016 108.42991614341736
1017 108.52385544776917
1018 108.57992768287659
1019 108.69582486152649
1020 108.78155827522278
1021 108.8731951713562
1022 108.96328067779541
1023 109.0496654510498
1024 109.14536809921265
1025 109.23915314674377
1026 109.35588002204895
1027 109.45919418334961
1028 109.56457042694092
1029 109.6573646068573
1030 109.74441409111023
1031 109.83656549453735
1032 109.92485785484314
1033 110.05571150779724
1034 110.15234184265137
1035 110.22542023658752
1036 110.29156517982483
1037 110.40385437011719
1038 110.52764320373535
1039 110.61557102203369
1040 110.73426079750061
1041 110.82246398925781
1042 110.89169454574585
1043 110.98796582221985
1044 111.10213661193848
1045 111.18800377845764
1046 111.27808499336243
1047 111.37361407279968
1048 111.43012881278992
1049 111.51662683486938
1050 111.6335084438324
1051 111.75644063949585
1052 111.84762072563171
1053 111.90553069114685
1054 112.03153824806213
1055 112.09036779403687
1056 112.19878625869751
1057 112.29341745376587
1058 112.38270401954651
1059 112.47646236419678
1060 112.56277847290039
1061 112.65619111061096
1062 112.71992492675781
1063 112.81427669525146
1064 112.91052150726318
1065 113.00977325439453
1066 113.10407090187073
1067 113.2214674949646
1068 113.31113386154175
1069 113.40165448188782
1070 113.51779794692993
1071 113.59865140914917
1072 113.700359582901
1073 113.78958582878113
1074 113.87939858436584
1075 113.95961093902588
1076 114.06410217285156
1077 114.15357160568237
1078 114.2767653465271
1079 114.3659598827362
1080 114.45591902732849
1081 114.54619455337524
1082 114.63589859008789
1083 114.727219581604
1084 114.8288516998291
1085 114.96247887611389
1086 115.07878875732422
1087 115.17774319648743
1088 115.29188084602356
1089 115.40081524848938
1090 115.5021562576294
1091 115.619389295578
1092 115.73923468589783
1093 115.82884073257446
1094 115.92927503585815
1095 116.04408240318298
1096 116.10384941101074
1097 116.19271540641785
1098 116.27885508537292
1099 116.3728084564209
1100 116.4914436340332
1101 116.57887244224548
1102 116.6730625629425
1103 116.76122188568115
1104 116.86132621765137
1105 116.93880724906921
1106 117.03291821479797
1107 117.11888289451599
1108 117.2148802280426
1109 117.33272385597229
1110 117.39702463150024
1111 117.51547884941101
1112 117.59981322288513
