1 0.35251760482788086
2 0.6848056316375732
3 0.9798390865325928
4 1.279714822769165
5 1.5815672874450684
6 1.8520584106445312
7 2.0652761459350586
8 2.3045196533203125
9 2.570307493209839
10 2.8117423057556152
11 3.1149144172668457
12 3.4124948978424072
13 3.7096612453460693
14 3.9800918102264404
15 4.21964430809021
16 4.460777044296265
17 4.7596166133880615
18 5.0300703048706055
19 5.27161169052124
20 5.541606187820435
21 5.845510482788086
22 6.119857311248779
23 6.3807477951049805
24 6.622483015060425
25 6.863327741622925
26 7.104885816574097
27 7.3702943325042725
28 7.6428234577178955
29 7.8810951709747314
30 8.12034273147583
31 8.391104221343994
32 8.634352207183838
33 8.899970769882202
34 9.146007061004639
35 9.410197257995605
36 9.680959701538086
37 9.921653270721436
38 10.219696998596191
39 10.490201473236084
40 10.82254147529602
41 11.0991370677948
42 11.332615613937378
43 11.634031534194946
44 11.929662466049194
45 12.20114278793335
46 12.469904661178589
47 12.690574169158936
48 12.951405763626099
49 13.165907859802246
50 13.464078664779663
51 13.73112154006958
52 13.970831871032715
53 14.245697259902954
54 14.510315418243408
55 14.78050708770752
56 15.049809694290161
57 15.262563228607178
58 15.559705257415771
59 15.809934139251709
60 16.07266354560852
61 16.316152095794678
62 16.550294637680054
63 16.79335379600525
64 17.031314611434937
65 17.332852602005005
66 17.600135564804077
67 17.87117028236389
68 18.17375135421753
69 18.44913673400879
70 18.710404872894287
71 18.989919900894165
72 19.27979612350464
73 19.579850912094116
74 19.892403602600098
75 20.156510591506958
76 20.363013982772827
77 20.662678003311157
78 20.935582160949707
79 21.235026359558105
80 21.49998164176941
81 21.77272081375122
82 22.012204885482788
83 22.29030728340149
84 22.55076265335083
85 22.821115970611572
86 23.093034744262695
87 23.332300186157227
88 23.57241201400757
89 23.812541961669922
90 24.110389232635498
91 24.380327939987183
92 24.62677550315857
93 24.892536878585815
94 25.1611750125885
95 25.400291442871094
96 25.64031147956848
97 25.90974235534668
98 26.17975640296936
99 26.45629572868347
100 26.69360327720642
101 26.96124029159546
102 27.23295283317566
103 27.530762434005737
104 27.803236961364746
105 28.101086854934692
106 28.384666919708252
107 28.612231492996216
108 28.84999394416809
109 29.12180233001709
110 29.390862226486206
111 29.631513118743896
112 29.874419927597046
113 30.118993759155273
114 30.357187271118164
115 30.657344102859497
116 30.89088487625122
117 31.163614511489868
118 31.462448835372925
119 31.704579830169678
120 31.971261978149414
121 32.2430374622345
122 32.54386281967163
123 32.815269231796265
124 33.05382037162781
125 33.3237521648407
126 33.592551708221436
127 33.83019685745239
128 34.07543468475342
129 34.372586727142334
130 34.64451026916504
131 34.94357180595398
132 35.21022415161133
133 35.450180530548096
134 35.69731140136719
135 35.93543553352356
136 36.23243308067322
137 36.4412739276886
138 36.769490242004395
139 37.04126238822937
140 37.31492781639099
141 37.554882287979126
142 37.85103917121887
143 38.10330653190613
144 38.42188882827759
145 38.698676347732544
146 38.96036767959595
147 39.20436096191406
148 39.472774028778076
149 39.740304708480835
150 39.98507523536682
151 40.223276138305664
152 40.462464809417725
153 40.76020574569702
154 41.00230693817139
155 41.30361461639404
156 41.569645404815674
157 41.817925214767456
158 42.12040400505066
159 42.41251873970032
160 42.68353772163391
161 42.90206265449524
162 43.160133361816406
163 43.43083333969116
164 43.7026584148407
165 43.97013711929321
166 44.27101421356201
167 44.543328046798706
168 44.80992388725281
169 45.04975724220276
170 45.31976270675659
171 45.58960771560669
172 45.83495044708252
173 46.07002592086792
174 46.346654653549194
175 46.59555768966675
176 46.880409717559814
177 47.182358264923096
178 47.4861946105957
179 47.7198269367218
180 47.994905948638916
181 48.22969579696655
182 48.50034523010254
183 48.739723205566406
184 49.00960731506348
185 49.28207874298096
186 49.520533323287964
187 49.78981828689575
188 50.05960774421692
189 50.30339813232422
190 50.57064127922058
191 50.849693775177
192 51.11060571670532
193 51.37992787361145
194 51.62033438682556
195 51.86894774436951
196 52.130085706710815
197 52.407477378845215
198 52.70005130767822
199 52.97018623352051
200 53.21503019332886
201 53.47962498664856
202 53.74950933456421
203 54.02021551132202
204 54.31966543197632
205 54.55986666679382
206 54.83007335662842
207 55.09962248802185
208 55.370272397994995
209 55.63974571228027
210 55.9112753868103
211 56.180187463760376
212 56.437865257263184
213 56.68964886665344
214 56.93045926094055
215 57.17257595062256
216 57.47012519836426
217 57.71061038970947
218 57.95069766044617
219 58.222681283950806
220 58.44269108772278
221 58.7896671295166
222 59.059566497802734
223 59.3313570022583
224 59.63268303871155
225 59.90400552749634
226 60.17301607131958
227 60.469990730285645
228 60.740161657333374
229 60.98085689544678
230 61.219645261764526
231 61.51986289024353
232 61.78989362716675
233 62.092129707336426
234 62.35976552963257
235 62.62950658798218
236 62.902464866638184
237 63.17155146598816
238 63.477696657180786
239 63.710813999176025
240 63.94967436790466
241 64.18960571289062
242 64.43109631538391
243 64.70488095283508
244 64.97000122070312
245 65.21000361442566
246 65.47970604896545
247 65.72058939933777
248 65.9895806312561
249 66.2299382686615
250 66.49995422363281
251 66.77536749839783
252 67.01045489311218
253 67.27970361709595
254 67.58070492744446
255 67.8205897808075
256 68.11966681480408
257 68.39013266563416
258 68.65979623794556
259 68.89963245391846
260 69.14030909538269
261 69.41325211524963
262 69.68018865585327
263 69.95194697380066
264 70.22047424316406
265 70.45967626571655
266 70.7006664276123
267 70.94011998176575
268 71.2396080493927
269 71.51222467422485
270 71.77962446212769
271 72.02198672294617
272 72.26242089271545
273 72.50268149375916
274 72.77303194999695
275 73.01813125610352
276 73.25378394126892
277 73.49726414680481
278 73.79016184806824
279 74.05957007408142
280 74.36478328704834
281 74.62993097305298
282 74.86964988708496
283 75.14014530181885
284 75.39195728302002
285 75.68024277687073
286 75.91962718963623
287 76.16008424758911
288 76.4296817779541
289 76.67030477523804
290 76.93995118141174
291 77.2096471786499
292 77.48036694526672
293 77.74957489967346
294 78.02160382270813
295 78.25962376594543
296 78.50173330307007
297 78.80013585090637
298 79.0743579864502
299 79.33967232704163
300 79.57963395118713
301 79.84979391098022
302 80.08977603912354
303 80.32973885536194
304 80.56963038444519
305 80.80986833572388
306 81.05328893661499
307 81.2896671295166
308 81.52965354919434
309 81.76997900009155
310 82.03963541984558
311 82.28411173820496
312 82.5804090499878
313 82.82139778137207
314 83.06060767173767
315 83.36429238319397
316 83.60032677650452
317 83.84195613861084
318 84.08281111717224
319 84.32640099525452
320 84.62379002571106
321 84.83278775215149
322 85.0759494304657
323 85.28452134132385
324 85.5247733592987
325 85.76413679122925
326 86.03811693191528
327 86.30054712295532
328 86.57898235321045
329 86.8697099685669
330 87.08155488967896
331 87.35231804847717
332 87.60205078125
333 87.83018732070923
334 88.10581088066101
335 88.37270760536194
336 88.64737749099731
337 88.95049118995667
338 89.21652388572693
339 89.5127067565918
340 89.75074863433838
341 89.99249005317688
342 90.23228907585144
343 90.50099849700928
344 90.74121975898743
345 90.98478126525879
346 91.24978947639465
347 91.47442698478699
348 91.76353931427002
349 92.06131863594055
350 92.33329033851624
351 92.62988805770874
352 92.84035158157349
353 93.08044385910034
354 93.37996912002563
355 93.6561508178711
356 93.92065143585205
357 94.19637489318848
358 94.43101859092712
359 94.67443203926086
360 94.94030976295471
361 95.24264454841614
362 95.47964382171631
363 95.75010585784912
364 96.01999950408936
365 96.32149648666382
366 96.56035470962524
367 96.8001115322113
368 97.07004952430725
369 97.31759977340698
370 97.5796422958374
371 97.84966826438904
372 98.08966064453125
373 98.34113383293152
374 98.62969017028809
375 98.87035965919495
376 99.14025950431824
377 99.38031220436096
378 99.67971754074097
379 99.92040967941284
380 100.1897623538971
381 100.41056823730469
382 100.70217657089233
383 100.96961259841919
384 101.20967411994934
385 101.48161292076111
386 101.7501847743988
387 102.02260088920593
388 102.26326608657837
389 102.52987098693848
390 102.77052760124207
391 103.00960302352905
392 103.27966475486755
393 103.55294990539551
394 103.82680368423462
395 104.10520267486572
396 104.36438655853271
397 104.62958836555481
398 104.90001249313354
399 105.14218020439148
400 105.410240650177
401 105.65006518363953
402 105.88966107368469
403 106.1302604675293
404 106.37019801139832
405 106.6767327785492
406 106.91016626358032
407 107.17961382865906
408 107.45254063606262
409 107.7195348739624
410 107.96122527122498
411 108.21495079994202
412 108.46962881088257
413 108.74023461341858
414 108.98333215713501
415 109.25451874732971
416 109.49610924720764
417 109.76179337501526
418 110.00544261932373
419 110.24257183074951
420 110.51211762428284
421 110.75507140159607
422 111.02305889129639
423 111.2897961139679
424 111.56370997428894
425 111.85963225364685
426 112.10048484802246
427 112.40037965774536
428 112.69960284233093
429 113.00036239624023
430 113.24017691612244
431 113.51002717018127
432 113.7796483039856
433 114.05097770690918
434 114.32064032554626
435 114.59162020683289
436 114.85962104797363
437 115.13087487220764
438 115.40033268928528
439 115.66961550712585
440 115.91058802604675
441 116.17960691452026
442 116.41973114013672
443 116.69583463668823
444 116.92957973480225
445 117.20404887199402
446 117.47291016578674
447 117.73956203460693
448 117.98011350631714
