1 0.24872517585754395
2 0.4607255458831787
3 0.6655285358428955
4 0.8448784351348877
5 0.995445966720581
6 1.146336317062378
7 1.328873634338379
8 1.478851079940796
9 1.614790916442871
10 1.7449519634246826
11 1.865593671798706
12 2.020881175994873
13 2.165215253829956
14 2.314948558807373
15 2.405954360961914
16 2.525735855102539
17 2.6456806659698486
18 2.7680203914642334
19 2.887592315673828
20 3.005279064178467
21 3.124807834625244
22 3.2201805114746094
23 3.338038682937622
24 3.4622654914855957
25 3.5539209842681885
26 3.6677486896514893
27 3.7301666736602783
28 3.8469836711883545
29 3.939643144607544
30 4.055444002151489
31 4.145039319992065
32 4.277322769165039
33 4.366557359695435
34 4.487691402435303
35 4.60445499420166
36 4.6919472217559814
37 4.778755187988281
38 4.865243673324585
39 5.017342567443848
40 5.12083888053894
41 5.2175328731536865
42 5.344953775405884
43 5.439493417739868
44 5.5318310260772705
45 5.64843225479126
46 5.767212629318237
47 5.858369827270508
48 5.971406698226929
49 6.0598978996276855
50 6.158968210220337
51 6.275237083435059
52 6.368962526321411
53 6.484889507293701
54 6.595046758651733
55 6.726440191268921
56 6.828094720840454
57 6.935819387435913
58 7.0269615650177
59 7.148709774017334
60 7.239123821258545
61 7.344931125640869
62 7.468949794769287
63 7.572024583816528
64 7.684811353683472
65 7.77492880821228
66 7.896289348602295
67 8.044918298721313
68 8.136540412902832
69 8.255310773849487
70 8.365145921707153
71 8.472762107849121
72 8.556454420089722
73 8.675268411636353
74 8.770970821380615
75 8.884956121444702
76 8.975566387176514
77 9.06490683555603
78 9.177043914794922
79 9.283543348312378
80 9.39481782913208
81 9.49324631690979
82 9.604838132858276
83 9.697605609893799
84 9.78664231300354
85 9.876003503799438
86 9.995614290237427
87 10.093840837478638
88 10.200628519058228
89 10.32849383354187
90 10.414844512939453
91 10.481929063796997
92 10.597757816314697
93 10.721219539642334
94 10.834898948669434
95 10.92666482925415
96 11.024019956588745
97 11.109153270721436
98 11.198868751525879
99 11.285617351531982
100 11.394972085952759
101 11.520144701004028
102 11.644945621490479
103 11.73538589477539
104 11.82768726348877
105 11.945311784744263
106 12.00949215888977
107 12.125650644302368
108 12.218291282653809
109 12.325447797775269
110 12.41992449760437
111 12.540811538696289
112 12.609654664993286
113 12.726360082626343
114 12.81666374206543
115 12.927732944488525
116 13.029780149459839
117 13.169686794281006
118 13.269564628601074
119 13.375600814819336
120 13.468900918960571
121 13.591639518737793
122 13.685670614242554
123 13.805954217910767
124 13.919441223144531
125 14.023458242416382
126 14.125469446182251
127 14.220677852630615
128 14.337512016296387
129 14.430438995361328
130 14.517576694488525
131 14.645272016525269
132 14.759923696517944
133 14.877740144729614
134 14.966790199279785
135 15.066393613815308
136 15.180827856063843
137 15.30456256866455
138 15.386914491653442
139 15.527392148971558
140 15.624866247177124
141 15.697711706161499
142 15.80567479133606
143 15.926701784133911
144 16.025394201278687
145 16.142056703567505
146 16.262414932250977
147 16.360164642333984
148 16.476294994354248
149 16.59404444694519
150 16.70557975769043
151 16.83950662612915
152 16.98543405532837
153 17.10022735595703
154 17.19818425178528
155 17.33693838119507
156 17.45544457435608
157 17.58369207382202
158 17.705458641052246
159 17.8185977935791
160 17.939006567001343
161 18.061951875686646
162 18.180195331573486
163 18.305286169052124
164 18.45621418952942
165 18.60429573059082
166 18.726770639419556
167 18.84150266647339
168 18.95879340171814
169 19.07574152946472
170 19.203045129776
171 19.323121786117554
172 19.445623874664307
173 19.58849787712097
174 19.70595145225525
175 19.82532000541687
176 19.952733993530273
177 20.072247982025146
178 20.170628309249878
179 20.279194355010986
180 20.402124881744385
181 20.52531361579895
182 20.635736227035522
183 20.756288051605225
184 20.85998821258545
185 20.976080894470215
186 21.09396505355835
187 21.244779586791992
188 21.38586139678955
189 21.507041454315186
190 21.636107683181763
191 21.75478506088257
192 21.881545066833496
193 21.986710786819458
194 22.085566997528076
195 22.214606523513794
196 22.33104181289673
197 22.416950941085815
198 22.53535556793213
199 22.64508867263794
200 22.770537614822388
201 22.897124528884888
202 23.01579737663269
203 23.10567355155945
204 23.195484161376953
205 23.318466901779175
206 23.440274000167847
207 23.5678927898407
208 23.674959182739258
209 23.802034616470337
210 23.921814680099487
211 24.035428285598755
212 24.12691020965576
213 24.24585485458374
214 24.336782932281494
215 24.449368953704834
216 24.54496717453003
217 24.655044078826904
218 24.77754855155945
219 24.87714195251465
220 25.002822160720825
221 25.126451015472412
222 25.212442636489868
223 25.324950695037842
224 25.41563081741333
225 25.53553080558777
226 25.657217264175415
227 25.77630615234375
228 25.872657299041748
229 25.98502492904663
230 26.10649347305298
231 26.234402656555176
232 26.31601309776306
233 26.435699939727783
234 26.529401063919067
235 26.64977216720581
236 26.768840074539185
237 26.860928773880005
238 26.952592372894287
239 27.092442750930786
240 27.20206332206726
241 27.30575180053711
242 27.433351039886475
243 27.554887294769287
244 27.643997192382812
245 27.775381326675415
246 27.88498878479004
247 27.944121837615967
248 28.062398672103882
249 28.16549563407898
250 28.268858194351196
251 28.362468004226685
252 28.450254678726196
253 28.56867027282715
254 28.69603133201599
255 28.813344478607178
256 28.93034791946411
257 29.021252155303955
258 29.155390739440918
259 29.25595498085022
260 29.365241527557373
261 29.482528924942017
262 29.57554531097412
263 29.683927059173584
264 29.799978494644165
265 29.908027172088623
266 30.01222014427185
267 30.118497133255005
268 30.220492362976074
269 30.318488121032715
270 30.39769983291626
271 30.525753498077393
272 30.638800859451294
273 30.732483386993408
274 30.853084325790405
275 30.968176126480103
276 31.092004537582397
277 31.216980695724487
278 31.328880548477173
279 31.454372882843018
280 31.591323137283325
281 31.68816065788269
282 31.825663566589355
283 31.93902349472046
284 32.09511137008667
285 32.19762682914734
286 32.335049867630005
287 32.48694396018982
288 32.635478496551514
289 32.755558252334595
290 32.90844368934631
291 33.010401487350464
292 33.13283133506775
293 33.29500341415405
294 33.399789571762085
295 33.51842713356018
296 33.65906834602356
297 33.774930238723755
298 33.89493131637573
299 34.01542353630066
300 34.122129678726196
301 34.25717806816101
302 34.3750433921814
303 34.500298261642456
304 34.620867013931274
305 34.71680212020874
306 34.8560631275177
307 34.97513556480408
308 35.098063945770264
309 35.18630027770996
310 35.334935903549194
311 35.44636273384094
312 35.60542178153992
313 35.71403360366821
314 35.84926080703735
315 35.94734001159668
316 36.08661890029907
317 36.20498037338257
318 36.30759382247925
319 36.4280571937561
320 36.54954671859741
321 36.671295404434204
322 36.79394197463989
323 36.91558265686035
324 37.04502201080322
325 37.1649386882782
326 37.27266526222229
327 37.41134691238403
328 37.52547097206116
329 37.644965410232544
330 37.76842927932739
331 37.90284872055054
332 38.05261039733887
333 38.18584156036377
334 38.30543875694275
335 38.40642333030701
336 38.53402781486511
337 38.66548252105713
338 38.77215313911438
339 38.90557336807251
340 39.02513551712036
341 39.14567232131958
342 39.26532292366028
343 39.37824082374573
344 39.50497817993164
345 39.6062695980072
346 39.727497816085815
347 39.87934231758118
348 39.971301317214966
349 40.11069321632385
350 40.22915506362915
351 40.344979763031006
352 40.45591592788696
353 40.57184863090515
354 40.68955731391907
355 40.80632281303406
356 40.947490215301514
357 41.06836676597595
358 41.174025535583496
359 41.306015491485596
360 41.424986124038696
361 41.54635739326477
362 41.64863586425781
363 41.773645639419556
364 41.91801452636719
365 42.038323640823364
366 42.159345388412476
367 42.31242537498474
368 42.4002788066864
369 42.51703715324402
370 42.67410707473755
371 42.79344892501831
372 42.92461943626404
373 43.029242753982544
374 43.148863792419434
375 43.269739627838135
376 43.38876676559448
377 43.53828310966492
378 43.662572622299194
379 43.808931827545166
380 43.95901942253113
381 44.109848737716675
382 44.20439171791077
383 44.32183051109314
384 44.477102279663086
385 44.59661149978638
386 44.715006828308105
387 44.83111381530762
388 44.92014694213867
389 45.0382821559906
390 45.1620774269104
391 45.27938103675842
392 45.3961021900177
393 45.5499427318573
394 45.66648006439209
395 45.790762424468994
396 45.91151189804077
397 46.003859519958496
398 46.1259982585907
399 46.24472665786743
400 46.359472036361694
401 46.484358072280884
402 46.60086011886597
403 46.69079542160034
404 46.815441370010376
405 46.935802698135376
406 47.05319309234619
407 47.1407470703125
408 47.260061264038086
409 47.3500702381134
410 47.442760705947876
411 47.53204798698425
412 47.64893126487732
413 47.7478814125061
414 47.86597943305969
415 48.01163387298584
416 48.10345196723938
417 48.224101305007935
418 48.37063717842102
419 48.46977996826172
420 48.553112268447876
421 48.61426544189453
422 48.70187425613403
423 48.85223889350891
424 48.95037078857422
425 49.03155326843262
426 49.11563014984131
427 49.2439022064209
428 49.35534381866455
429 49.47783851623535
430 49.59624648094177
431 49.68543553352356
432 49.834967851638794
433 49.954819202423096
434 50.07603478431702
435 50.195082902908325
436 50.31495690345764
437 50.466323137283325
438 50.61540603637695
439 50.76749920845032
440 50.914960861206055
441 51.03574013710022
442 51.15893244743347
443 51.31099557876587
444 51.42644500732422
445 51.54489254951477
446 51.697962522506714
447 51.84945821762085
448 51.96505093574524
449 52.08479642868042
450 52.23389410972595
451 52.32983160018921
452 52.43548655509949
453 52.536341428756714
454 52.65610599517822
455 52.77863383293152
456 52.90943145751953
457 53.019535303115845
458 53.139610052108765
459 53.27667236328125
460 53.39544224739075
461 53.514952659606934
462 53.63534688949585
463 53.78497767448425
464 53.89336156845093
465 54.01456260681152
466 54.126713037490845
467 54.265509843826294
468 54.38498902320862
469 54.49588227272034
470 54.61388635635376
471 54.73547601699829
472 54.83500075340271
473 54.954952239990234
474 55.06157398223877
475 55.18799686431885
476 55.31544375419617
477 55.4349148273468
478 55.55504894256592
479 55.65865135192871
480 55.766502141952515
481 55.88542318344116
482 56.00498914718628
483 56.1066107749939
484 56.25102710723877
485 56.34994602203369
486 56.466530323028564
487 56.5750617980957
488 56.695457458496094
489 56.76919078826904
490 56.90547966957092
491 57.02776336669922
492 57.144978523254395
493 57.24794101715088
494 57.36675214767456
495 57.52375602722168
496 57.618903398513794
497 57.749022483825684
498 57.87654948234558
499 58.01692295074463
500 58.16503310203552
501 58.2851996421814
502 58.392627477645874
503 58.48080110549927
504 58.615447998046875
505 58.71417021751404
506 58.824962854385376
507 58.93208599090576
508 59.06494951248169
509 59.20362830162048
510 59.294230222702026
511 59.424954652786255
512 59.546637296676636
513 59.61823487281799
514 59.75502252578735
515 59.84594225883484
516 59.94774842262268
517 60.04477643966675
518 60.17548727989197
519 60.27968740463257
520 60.423755168914795
521 60.52276396751404
522 60.639049768447876
523 60.74573493003845
524 60.848403215408325
525 60.98532056808472
526 61.10864043235779
527 61.208641052246094
528 61.31499743461609
529 61.416818380355835
530 61.55594801902771
531 61.70902371406555
532 61.80971956253052
533 61.92640542984009
534 62.07138204574585
535 62.1700484752655
536 62.287439823150635
537 62.40976619720459
538 62.52955365180969
539 62.68017029762268
540 62.80536937713623
541 62.9178524017334
542 63.095481872558594
543 63.2848539352417
544 63.434701442718506
545 63.63859558105469
546 63.8195686340332
547 64.05526614189148
548 64.23844838142395
549 64.41772294044495
550 64.59941530227661
551 64.77652168273926
552 64.92575025558472
553 65.04915428161621
554 65.22999382019043
555 65.37644982337952
556 65.49932169914246
557 65.64928650856018
558 65.76911211013794
559 65.88631796836853
560 66.04066920280457
561 66.18961930274963
562 66.30632543563843
563 66.45682621002197
564 66.60754084587097
565 66.76822066307068
566 66.88005375862122
567 66.99725246429443
568 67.1454803943634
569 67.27180171012878
570 67.38565564155579
571 67.54169940948486
572 67.65652537345886
573 67.8160126209259
574 67.96011543273926
575 68.08006143569946
576 68.22568774223328
577 68.38582062721252
578 68.53197979927063
579 68.68050479888916
580 68.79845857620239
581 68.95070338249207
582 69.07171487808228
583 69.2525281906128
584 69.40085458755493
585 69.5748143196106
586 69.69533944129944
587 69.84698963165283
588 69.96546220779419
589 70.08938765525818
590 70.23726534843445
591 70.41506433486938
592 70.59713411331177
593 70.71179032325745
594 70.89888548851013
595 71.04486799240112
596 71.19487929344177
597 71.34492182731628
598 71.49686193466187
599 71.64488983154297
600 71.79770612716675
601 71.97553443908691
602 72.15547156333923
603 72.2700355052948
604 72.39533233642578
605 72.54745960235596
606 72.6863284111023
607 72.83665466308594
608 72.99938821792603
609 73.11835289001465
610 73.26326775550842
611 73.40661406517029
612 73.55768704414368
613 73.71352624893188
614 73.85897135734558
615 74.00976777076721
616 74.15738677978516
617 74.27900123596191
618 74.48571252822876
619 74.61046934127808
620 74.76618528366089
621 74.93496036529541
622 75.0593535900116
623 75.21550059318542
624 75.36117362976074
625 75.48404860496521
626 75.62642168998718
627 75.77882719039917
628 75.89950942993164
629 76.0464870929718
630 76.16576027870178
631 76.32014274597168
632 76.43920111656189
633 76.55921173095703
634 76.65559077262878
635 76.79507780075073
636 76.92189645767212
637 77.05038714408875
638 77.15943002700806
639 77.28383016586304
640 77.42747378349304
641 77.54729056358337
642 77.67222952842712
643 77.78813076019287
644 77.91645169258118
645 78.06195497512817
646 78.18241810798645
647 78.3261821269989
648 78.4560546875
649 78.5458812713623
650 78.65790700912476
651 78.80507469177246
652 78.93079686164856
653 79.05327367782593
654 79.19866013526917
655 79.31676602363586
656 79.46795320510864
657 79.59131121635437
658 79.70560479164124
659 79.833411693573
660 79.95393657684326
661 80.06620168685913
662 80.18691205978394
663 80.31910967826843
664 80.45616793632507
665 80.57515716552734
666 80.67547559738159
667 80.82840251922607
668 80.9350233078003
669 81.00632238388062
670 81.118661403656
671 81.21621680259705
672 81.31003379821777
673 81.4455246925354
674 81.52428460121155
675 81.64167189598083
676 81.73304581642151
677 81.8355667591095
678 81.92623782157898
679 82.0520703792572
680 82.16769981384277
681 82.26806426048279
682 82.40947699546814
683 82.49936056137085
684 82.6231803894043
685 82.73714256286621
686 82.83345890045166
687 82.92699193954468
688 83.01572275161743
689 83.16021060943604
690 83.25658082962036
691 83.36646628379822
692 83.48636937141418
693 83.58448076248169
694 83.70481443405151
695 83.81582522392273
696 83.92005658149719
697 84.00618886947632
698 84.09867906570435
699 84.21778726577759
700 84.32495641708374
701 84.43383002281189
702 84.52598452568054
703 84.6264111995697
704 84.71564388275146
705 84.79096984863281
706 84.87846183776855
707 84.98508095741272
708 85.08786630630493
709 85.19494557380676
710 85.32118058204651
711 85.39662551879883
712 85.49548697471619
713 85.57020545005798
714 85.66013789176941
715 85.75280261039734
716 85.85592484474182
717 85.97495603561401
718 86.05748438835144
719 86.18555974960327
720 86.30495524406433
721 86.38230752944946
722 86.47423124313354
723 86.55896091461182
724 86.65086770057678
725 86.75581955909729
726 86.87496066093445
727 86.98459267616272
728 87.0748941898346
729 87.13765907287598
730 87.23531126976013
731 87.31601357460022
732 87.42998123168945
733 87.56500291824341
734 87.64546060562134
735 87.77530908584595
736 87.8649480342865
737 87.97410464286804
738 88.03214240074158
739 88.15211081504822
740 88.2066662311554
741 88.29627442359924
742 88.40877103805542
743 88.50555872917175
744 88.61528730392456
745 88.70790791511536
746 88.80347228050232
747 88.91494512557983
748 88.98921513557434
749 89.09592580795288
750 89.21488952636719
751 89.2897047996521
752 89.39552998542786
753 89.47808885574341
754 89.60499382019043
755 89.68176603317261
756 89.76742625236511
757 89.82632446289062
758 89.90727949142456
759 89.98037099838257
760 90.0857789516449
761 90.20489168167114
762 90.3068196773529
763 90.38542222976685
764 90.4948205947876
765 90.58978986740112
766 90.66894221305847
767 90.74723720550537
768 90.85239887237549
769 90.9729871749878
770 91.06079435348511
771 91.14664626121521
772 91.22583270072937
773 91.34488773345947
774 91.44133114814758
775 91.50970458984375
776 91.60367274284363
777 91.70529627799988
778 91.81329393386841
779 91.9149169921875
780 92.00488138198853
781 92.08063197135925
782 92.20874071121216
783 92.29057550430298
784 92.37987661361694
785 92.47342324256897
786 92.59911227226257
787 92.6859290599823
788 92.80067300796509
789 92.89376449584961
790 92.99111533164978
791 93.09971475601196
792 93.18989515304565
793 93.27979350090027
794 93.35030579566956
795 93.46367502212524
796 93.55381369590759
797 93.67167258262634
798 93.79652261734009
799 93.91226506233215
800 93.99958753585815
801 94.06137132644653
802 94.15185809135437
803 94.27977180480957
804 94.38995122909546
805 94.4806125164032
806 94.60340905189514
807 94.68624925613403
808 94.80559396743774
809 94.90251421928406
810 95.02395987510681
811 95.13327860832214
812 95.25481581687927
813 95.37588286399841
814 95.439213514328
815 95.5557029247284
816 95.65128493309021
817 95.772225856781
818 95.88657665252686
819 95.97900366783142
820 96.03964805603027
821 96.10214424133301
822 96.19303226470947
823 96.30855560302734
824 96.39533376693726
825 96.45997381210327
826 96.55607461929321
827 96.67522692680359
828 96.76303100585938
829 96.85800290107727
830 96.95883202552795
831 97.08548378944397
832 97.17496085166931
833 97.29643964767456
834 97.40476822853088
835 97.49981260299683
836 97.59554147720337
837 97.69198656082153
838 97.80680012702942
839 97.89689636230469
840 98.00614833831787
841 98.13536834716797
842 98.22495651245117
843 98.3515055179596
844 98.44273734092712
845 98.52962160110474
846 98.62524318695068
847 98.73484945297241
848 98.82842135429382
849 98.94826912879944
850 99.07231450080872
851 99.19422149658203
852 99.31404399871826
853 99.45705032348633
854 99.54802012443542
855 99.69608402252197
856 99.82101941108704
857 99.94644284248352
858 100.09652638435364
859 100.20772671699524
860 100.32772731781006
861 100.47498178482056
862 100.60503387451172
863 100.71787691116333
864 100.83494091033936
865 100.95561695098877
866 101.08112955093384
867 101.16703057289124
868 101.31696891784668
869 101.43498754501343
870 101.57961106300354
871 101.70493149757385
872 101.82564043998718
873 101.94530272483826
874 102.09564185142517
875 102.20608305931091
876 102.30573582649231
877 102.45799469947815
878 102.56539011001587
879 102.69093179702759
880 102.83503985404968
881 102.9654426574707
882 103.07634162902832
883 103.20818161964417
884 103.34683918952942
885 103.43763828277588
886 103.56500816345215
887 103.68162679672241
888 103.83513855934143
889 103.94552803039551
890 104.04305744171143
891 104.1658067703247
892 104.28144764900208
893 104.40182042121887
894 104.51499605178833
895 104.64629673957825
896 104.73739552497864
897 104.87933325767517
898 104.99613165855408
899 105.11521816253662
900 105.21722102165222
901 105.32612609863281
902 105.44550275802612
903 105.5387794971466
904 105.66480135917664
905 105.78116965293884
906 105.90651226043701
907 106.00106930732727
908 106.08424425125122
909 106.19996929168701
910 106.28992795944214
911 106.3763644695282
912 106.48359322547913
913 106.59552264213562
914 106.69620513916016
915 106.7721176147461
916 106.86820912361145
917 106.97621154785156
918 107.09506368637085
919 107.22446060180664
920 107.31328392028809
921 107.38557553291321
922 107.49585723876953
923 107.55935025215149
924 107.62007999420166
925 107.73448443412781
926 107.81686973571777
927 107.89211511611938
928 108.00551056861877
929 108.12008953094482
930 108.2441713809967
931 108.3654112815857
932 108.45563411712646
933 108.57725524902344
934 108.66022992134094
935 108.77542638778687
936 108.84982252120972
937 108.99000835418701
938 109.08729577064514
939 109.17635893821716
940 109.25984525680542
941 109.3496961593628
942 109.43629002571106
943 109.52492928504944
944 109.5957419872284
945 109.68812322616577
946 109.7972776889801
947 109.90395545959473
948 110.00687170028687
949 110.09622287750244
950 110.20060157775879
951 110.27495217323303
952 110.34083437919617
953 110.42595887184143
954 110.49577856063843
955 110.58609414100647
956 110.70184540748596
957 110.82796573638916
958 110.91494059562683
959 111.03548288345337
960 111.09767079353333
961 111.18807196617126
962 111.26831340789795
963 111.3565285205841
964 111.47675204277039
965 111.58071494102478
966 111.6279718875885
967 111.72964811325073
968 111.8216233253479
969 111.89604640007019
970 112.01643538475037
971 112.0887508392334
972 112.20535182952881
973 112.29572987556458
974 112.42394089698792
975 112.54023790359497
976 112.62280893325806
977 112.71081519126892
978 112.8295636177063
979 112.91681623458862
980 113.00559282302856
981 113.0955457687378
982 113.16566634178162
983 113.25553488731384
984 113.34394693374634
985 113.4365770816803
986 113.5242052078247
987 113.60658240318298
988 113.67051863670349
989 113.76513528823853
990 113.84545922279358
991 113.9156219959259
992 114.03250217437744
993 114.12956953048706
994 114.1935293674469
995 114.30675029754639
996 114.41977095603943
997 114.5123200416565
998 114.5957350730896
999 114.66559958457947
1000 114.77647161483765
1001 114.89519309997559
1002 115.00063920021057
1003 115.08775615692139
1004 115.17545199394226
1005 115.29123973846436
1006 115.35518431663513
1007 115.4387571811676
1008 115.53532242774963
1009 115.59857058525085
1010 115.6877851486206
1011 115.84034442901611
1012 115.91577625274658
1013 116.02818369865417
1014 116.14546203613281
1015 116.23257255554199
1016 116.3383481502533
1017 116.45501923561096
1018 116.54498815536499
1019 116.6369616985321
1020 116.76464104652405
1021 116.88336372375488
1022 116.96966242790222
1023 117.07471871376038
1024 117.19347810745239
1025 117.30820631980896
1026 117.39905285835266
1027 117.5070812702179
1028 117.6221718788147
1029 117.72039437294006
1030 117.82321405410767
1031 117.91245698928833
1032 118.0026502609253
1033 118.10513925552368
