1 0.19089174270629883
2 0.3469090461730957
3 0.5769476890563965
4 0.6968693733215332
5 0.8193116188049316
6 0.9689145088195801
7 1.0853281021118164
8 1.237168788909912
9 1.3313889503479004
10 1.4921526908874512
11 1.6325781345367432
12 1.7783396244049072
13 1.8674030303955078
14 1.9878356456756592
15 2.111201286315918
16 2.199859619140625
17 2.3075239658355713
18 2.4122836589813232
19 2.5339393615722656
20 2.6098461151123047
21 2.7069168090820312
22 2.818606376647949
23 2.9226019382476807
24 3.032393217086792
25 3.1277401447296143
26 3.2270748615264893
27 3.3130645751953125
28 3.4023215770721436
29 3.4870574474334717
30 3.5983874797821045
31 3.7078592777252197
32 3.810805559158325
33 3.9436304569244385
34 4.032367944717407
35 4.1245152950286865
36 4.2135889530181885
37 4.326791763305664
38 4.446718692779541
39 4.53678560256958
40 4.634013891220093
41 4.747990131378174
42 4.816523790359497
43 4.904597282409668
44 5.020305871963501
45 5.085599422454834
46 5.170320749282837
47 5.278257369995117
48 5.418567657470703
49 5.509338140487671
50 5.617536306381226
51 5.744183778762817
52 5.867759943008423
53 5.947768449783325
54 6.03666090965271
55 6.131809711456299
56 6.252809286117554
57 6.359525680541992
58 6.487139940261841
59 6.582564353942871
60 6.698072671890259
61 6.7932093143463135
62 6.90729832649231
63 7.029447078704834
64 7.1278769969940186
65 7.244654178619385
66 7.33724570274353
67 7.447218656539917
68 7.546801328659058
69 7.635298490524292
70 7.747398853302002
71 7.837317705154419
72 7.916995525360107
73 8.010027170181274
74 8.11384892463684
75 8.231152534484863
76 8.350515127182007
77 8.462509632110596
78 8.547333002090454
79 8.647281408309937
80 8.737274885177612
81 8.84959602355957
82 8.986860513687134
83 9.067535400390625
84 9.161559820175171
85 9.277280569076538
86 9.368580102920532
87 9.479312658309937
88 9.577828884124756
89 9.69532823562622
90 9.786827087402344
91 9.919754028320312
92 9.975164890289307
93 10.087268352508545
94 10.176689147949219
95 10.267301321029663
96 10.388309717178345
97 10.509406566619873
98 10.627204418182373
99 10.731836795806885
100 10.814175605773926
101 10.92441201210022
102 11.016973972320557
103 11.102337837219238
104 11.170511722564697
105 11.287647724151611
106 11.402029752731323
107 11.512897968292236
108 11.6193687915802
109 11.71098780632019
110 11.811828136444092
111 11.888312339782715
112 11.978367567062378
113 12.067710876464844
114 12.164860486984253
115 12.27646541595459
116 12.37963342666626
117 12.467689037322998
118 12.554773330688477
119 12.66747784614563
120 12.762824535369873
121 12.847546577453613
122 12.926832675933838
123 13.000846147537231
124 13.089772462844849
125 13.220125198364258
126 13.330581426620483
127 13.39341688156128
128 13.516926765441895
129 13.626808166503906
130 13.717373132705688
131 13.81685495376587
132 13.938880205154419
133 14.046907901763916
134 14.160530090332031
135 14.25186824798584
136 14.344109535217285
137 14.427312135696411
138 14.517338037490845
139 14.610437393188477
140 14.735349655151367
141 14.805219650268555
142 14.909106254577637
143 15.001910209655762
144 15.069586515426636
145 15.151704788208008
146 15.238993406295776
147 15.328975677490234
148 15.420059442520142
149 15.52641487121582
150 15.625816822052002
151 15.722919225692749
152 15.822837114334106
153 15.94307804107666
154 16.056130409240723
155 16.140991687774658
156 16.228379726409912
157 16.31794023513794
158 16.421294689178467
159 16.511169910430908
160 16.609813928604126
161 16.71088194847107
162 16.77653408050537
163 16.862006664276123
164 16.949362993240356
165 17.021827220916748
166 17.109914302825928
167 17.223934650421143
168 17.348819732666016
169 17.43185043334961
170 17.52990436553955
171 17.641920804977417
172 17.74109721183777
173 17.85740351676941
174 17.939955234527588
175 18.0571870803833
176 18.160985708236694
177 18.27359414100647
178 18.394999742507935
179 18.479081392288208
180 18.610224962234497
181 18.726441860198975
182 18.83794403076172
183 18.96664023399353
184 19.116041660308838
185 19.23002314567566
186 19.348682403564453
187 19.527843236923218
188 19.628243684768677
189 19.778733015060425
190 19.94790744781494
191 20.103158473968506
192 20.229065418243408
193 20.342697620391846
194 20.46766972541809
195 20.580127239227295
196 20.70170545578003
197 20.816816329956055
198 20.91758918762207
199 21.06224799156189
200 21.14980936050415
201 21.248616933822632
202 21.390873193740845
203 21.477622985839844
204 21.58184027671814
205 21.691547870635986
206 21.80765199661255
207 21.956864833831787
208 22.076966762542725
209 22.178701639175415
210 22.297168016433716
211 22.418049812316895
212 22.509925365447998
213 22.617106914520264
214 22.709500312805176
215 22.85719585418701
216 23.020060062408447
217 23.162150144577026
218 23.283368825912476
219 23.397722482681274
220 23.497347593307495
221 23.668518781661987
222 23.79398822784424
223 23.94357967376709
224 24.05947470664978
225 24.160024166107178
226 24.249532222747803
227 24.387768507003784
228 24.48338294029236
229 24.598734140396118
230 24.73613929748535
231 24.813626527786255
232 24.931992530822754
233 25.050135374069214
234 25.141841411590576
235 25.26372718811035
236 25.379038333892822
237 25.499717950820923
238 25.616835355758667
239 25.721870183944702
240 25.812154293060303
241 25.93102192878723
242 26.02451491355896
243 26.097102403640747
244 26.20635676383972
245 26.29163885116577
246 26.428818702697754
247 26.527854681015015
248 26.637601137161255
249 26.735788822174072
250 26.8060085773468
251 26.906869888305664
252 27.013159036636353
253 27.104623079299927
254 27.167887210845947
255 27.248682975769043
256 27.34089422225952
257 27.462235927581787
258 27.59865713119507
259 27.688847303390503
260 27.820292949676514
261 27.942413568496704
262 28.06116485595703
263 28.152482748031616
264 28.212820529937744
265 28.31918978691101
266 28.441409587860107
267 28.527509927749634
268 28.63133716583252
269 28.773109912872314
270 28.87879776954651
271 28.95807671546936
272 29.054970264434814
273 29.141889572143555
274 29.239125967025757
275 29.366822004318237
276 29.443615913391113
277 29.530637502670288
278 29.645954608917236
279 29.71806788444519
280 29.817588567733765
281 29.936832666397095
282 30.040886640548706
283 30.177157402038574
284 30.284788131713867
285 30.356822967529297
286 30.479185581207275
287 30.552114725112915
288 30.616649627685547
289 30.746683835983276
290 30.848623752593994
291 30.95746874809265
292 31.079747676849365
293 31.18629765510559
294 31.299510717391968
295 31.394763231277466
296 31.5569429397583
297 31.664153575897217
298 31.83034324645996
299 31.946868896484375
300 32.07061791419983
301 32.21731472015381
302 32.366957664489746
303 32.487208127975464
304 32.606839418411255
305 32.714465856552124
306 32.87683892250061
307 33.007765769958496
308 33.12882900238037
309 33.26683807373047
310 33.39831185340881
311 33.52665615081787
312 33.61581468582153
313 33.732616662979126
314 33.8477246761322
315 33.95685815811157
316 34.057491064071655
317 34.189818143844604
318 34.298588275909424
319 34.44941544532776
320 34.556761026382446
321 34.663816690444946
322 34.796852350234985
323 34.90492844581604
324 35.00679922103882
325 35.1086540222168
326 35.230648040771484
327 35.35126757621765
328 35.486499071121216
329 35.596433877944946
330 35.70077633857727
331 35.82779288291931
332 35.951669216156006
333 36.072057008743286
334 36.20779061317444
335 36.318928480148315
336 36.417609214782715
337 36.5519335269928
338 36.68684101104736
339 36.787851333618164
340 36.85526967048645
341 36.98767566680908
342 37.11587452888489
343 37.227237701416016
344 37.33037567138672
345 37.449716567993164
346 37.572731733322144
347 37.707316160202026
348 37.816163539886475
349 37.90439534187317
350 38.01687693595886
351 38.127352237701416
352 38.24853467941284
353 38.36828947067261
354 38.46134829521179
355 38.58605670928955
356 38.70907497406006
357 38.8260862827301
358 38.94604778289795
359 39.06993293762207
360 39.15876126289368
361 39.26943922042847
362 39.41741919517517
363 39.55047869682312
364 39.674317836761475
365 39.784327268600464
366 39.8708016872406
367 39.99273753166199
368 40.11001014709473
369 40.19711923599243
370 40.29222917556763
371 40.417136907577515
372 40.536311864852905
373 40.680047273635864
374 40.80618691444397
375 40.89183807373047
376 40.98208808898926
377 41.073787689208984
378 41.19394588470459
379 41.29118371009827
380 41.40755224227905
381 41.525625467300415
382 41.647825717926025
383 41.786794900894165
384 41.88326954841614
385 42.008748054504395
386 42.12759828567505
387 42.24422001838684
388 42.35801601409912
389 42.47740983963013
390 42.59774923324585
391 42.723482608795166
392 42.817161321640015
393 42.92955207824707
394 43.04963278770447
395 43.14751577377319
396 43.257933378219604
397 43.36198139190674
398 43.4712028503418
399 43.55989456176758
400 43.68050980567932
401 43.80105209350586
402 43.907458782196045
403 43.9980263710022
404 44.07898187637329
405 44.172024965286255
406 44.26339912414551
407 44.34806561470032
408 44.43818116188049
409 44.56551718711853
410 44.65762972831726
411 44.749831199645996
412 44.85919952392578
413 44.94712424278259
414 45.037741899490356
415 45.126758337020874
416 45.20833230018616
417 45.311288595199585
418 45.433120250701904
419 45.51885199546814
420 45.63723969459534
421 45.75827145576477
422 45.8566210269928
423 45.96799635887146
424 46.02728343009949
425 46.090965032577515
426 46.21892809867859
427 46.320080518722534
428 46.44999933242798
429 46.536725759506226
430 46.63226866722107
431 46.747066259384155
432 46.84108829498291
433 46.92849516868591
434 46.99001908302307
435 47.11841940879822
436 47.19785499572754
437 47.296066999435425
438 47.40666723251343
439 47.499056577682495
440 47.590818881988525
441 47.67804288864136
442 47.80928921699524
443 47.90755915641785
444 48.036808252334595
445 48.13055443763733
446 48.247779846191406
447 48.3381712436676
448 48.42728853225708
449 48.54862070083618
450 48.67538571357727
451 48.757309913635254
452 48.85198640823364
453 48.966742515563965
454 49.11096668243408
455 49.208876609802246
456 49.36572241783142
457 49.477673053741455
458 49.59735155105591
459 49.722962617874146
460 49.86768937110901
461 49.98933959007263
462 50.14519453048706
463 50.2666175365448
464 50.38149285316467
465 50.50619888305664
466 50.62785053253174
467 50.76973223686218
468 50.889201402664185
469 51.018033266067505
470 51.137115716934204
471 51.24834704399109
472 51.34106802940369
473 51.45949935913086
474 51.58007192611694
475 51.66912841796875
476 51.769450187683105
477 51.88223075866699
478 52.001917362213135
479 52.090867042541504
480 52.240530252456665
481 52.33340930938721
482 52.45149040222168
483 52.60061073303223
484 52.72450566291809
485 52.872716665267944
486 52.99547338485718
487 53.10798764228821
488 53.200576066970825
489 53.32094669342041
490 53.41353178024292
491 53.532737731933594
492 53.65626263618469
493 53.76854848861694
494 53.860299587249756
495 53.98002529144287
496 54.102089166641235
497 54.22050499916077
498 54.31470465660095
499 54.446823596954346
500 54.5666925907135
501 54.661290645599365
502 54.78071713447571
503 54.86787486076355
504 54.968421936035156
505 55.09041142463684
506 55.23585391044617
507 55.346803426742554
508 55.46711087226868
509 55.57310700416565
510 55.69207191467285
511 55.77820372581482
512 55.917136669158936
513 56.053980588912964
514 56.16987490653992
515 56.308022022247314
516 56.416863203048706
517 56.518853425979614
518 56.62067103385925
519 56.738200426101685
520 56.86638259887695
521 56.990148305892944
522 57.10728907585144
523 57.207303285598755
524 57.3107476234436
525 57.455971479415894
526 57.567994117736816
527 57.6686692237854
528 57.79585313796997
529 57.92755842208862
530 58.0341112613678
531 58.148728370666504
532 58.287145376205444
533 58.406835079193115
534 58.528053998947144
535 58.6472852230072
536 58.76870942115784
537 58.88681149482727
538 59.03677225112915
539 59.15684247016907
540 59.27673387527466
541 59.398152112960815
542 59.516801834106445
543 59.636836767196655
544 59.71448755264282
545 59.868446588516235
546 59.996826171875
547 60.11680793762207
548 60.23672318458557
549 60.39085626602173
550 60.507285356521606
551 60.65870261192322
552 60.8092246055603
553 60.92859864234924
554 61.077911138534546
555 61.23396944999695
556 61.358349323272705
557 61.477505922317505
558 61.65388536453247
559 61.83012270927429
560 62.00736975669861
561 62.18735098838806
562 62.428741693496704
563 62.63717293739319
564 62.87726187705994
565 63.08724665641785
566 63.268953800201416
567 63.47683620452881
568 63.68892288208008
569 63.87320613861084
570 64.04685044288635
571 64.17845511436462
572 64.3629298210144
573 64.5406391620636
574 64.68735885620117
575 64.81831693649292
576 64.9583203792572
577 65.11189579963684
578 65.28749179840088
579 65.41127943992615
580 65.57096719741821
581 65.6789722442627
582 65.82992005348206
583 65.95832324028015
584 66.07178902626038
585 66.21766114234924
586 66.36974692344666
587 66.48847579956055
588 66.60907649993896
589 66.72756743431091
590 66.88420462608337
591 66.99848222732544
592 67.11943769454956
593 67.24885725975037
594 67.38790202140808
595 67.50800132751465
596 67.63385915756226
597 67.75267601013184
598 67.9303777217865
599 68.07776045799255
600 68.19901633262634
601 68.32561707496643
602 68.43778586387634
603 68.59204363822937
604 68.7428469657898
605 68.92277121543884
606 69.07439160346985
607 69.18997859954834
608 69.37015008926392
609 69.54674124717712
610 69.69825744628906
611 69.87691164016724
612 70.05939221382141
613 70.23765468597412
614 70.38909435272217
615 70.56787014007568
616 70.74871802330017
617 70.92754197120667
618 71.1083345413208
619 71.29420781135559
620 71.47070646286011
621 71.65525364875793
622 71.83465647697449
623 72.0093240737915
624 72.2211799621582
625 72.36689472198486
626 72.51931238174438
627 72.66729664802551
628 72.84678649902344
629 73.03451418876648
630 73.17771744728088
631 73.32676148414612
632 73.4771511554718
633 73.65805888175964
634 73.83689880371094
635 74.0168707370758
636 74.16178154945374
637 74.33826947212219
638 74.51849603652954
639 74.67757821083069
640 74.82219815254211
641 74.98017954826355
642 75.12435746192932
643 75.24728345870972
644 75.4020447731018
645 75.55202794075012
646 75.6871497631073
647 75.81927275657654
648 75.94435477256775
649 76.07776355743408
650 76.2284414768219
651 76.33231806755066
652 76.49686908721924
653 76.64852237701416
654 76.80752468109131
655 76.93267440795898
656 77.06683850288391
657 77.1909909248352
658 77.32192850112915
659 77.41357064247131
660 77.55854749679565
661 77.70634365081787
662 77.80294275283813
663 77.91935110092163
664 78.02731728553772
665 78.13116145133972
666 78.26841568946838
667 78.38773250579834
668 78.49583220481873
669 78.59726166725159
670 78.69887661933899
671 78.83682823181152
672 78.95727729797363
673 79.08090734481812
674 79.18377733230591
675 79.30243253707886
676 79.43673777580261
677 79.52979612350464
678 79.61734652519226
679 79.7234160900116
680 79.84408164024353
681 79.95762062072754
682 80.09733438491821
683 80.20026922225952
684 80.31449270248413
685 80.43973636627197
686 80.55224227905273
687 80.67847967147827
688 80.82553362846375
689 80.94376635551453
690 81.03879070281982
691 81.15061116218567
692 81.24199724197388
693 81.36907362937927
694 81.47855401039124
695 81.571284532547
696 81.6459333896637
697 81.75465083122253
698 81.87450408935547
699 81.99034714698792
700 82.08327317237854
701 82.17012572288513
702 82.26390361785889
703 82.35531687736511
704 82.46803450584412
705 82.56706380844116
706 82.669429063797
707 82.80883169174194
708 82.89790678024292
709 82.97692918777466
710 83.09768390655518
711 83.2202877998352
712 83.34544324874878
713 83.46390986442566
714 83.55864667892456
715 83.6214497089386
716 83.7139744758606
717 83.79613947868347
718 83.88169503211975
719 84.00643491744995
720 84.14721012115479
721 84.24519896507263
722 84.33036732673645
723 84.45917773246765
724 84.56706929206848
725 84.64256834983826
726 84.75563454627991
727 84.87751889228821
728 84.94237780570984
729 85.05582356452942
730 85.15390753746033
731 85.25926756858826
732 85.35022330284119
733 85.42195630073547
734 85.52824878692627
735 85.63222408294678
736 85.74181914329529
737 85.85774230957031
738 85.97816181182861
739 86.06878566741943
740 86.13746953010559
741 86.2273154258728
742 86.34622931480408
743 86.45876693725586
744 86.58718156814575
745 86.69906663894653
746 86.8009467124939
747 86.91625809669495
748 87.02828884124756
749 87.13014698028564
750 87.24020600318909
751 87.33130383491516
752 87.45932579040527
753 87.56928300857544
754 87.6682026386261
755 87.76150798797607
756 87.84731769561768
757 87.96042776107788
758 88.08580684661865
759 88.17796277999878
760 88.29973793029785
761 88.36103320121765
762 88.4773383140564
763 88.5712742805481
764 88.69108748435974
765 88.80181336402893
766 88.92014765739441
767 89.01751828193665
768 89.13165211677551
769 89.23811507225037
770 89.3193473815918
771 89.39809608459473
772 89.49725770950317
773 89.60722589492798
774 89.73432397842407
775 89.81994199752808
776 89.9182481765747
777 90.03459906578064
778 90.12758493423462
779 90.22398209571838
780 90.32786154747009
781 90.42670965194702
782 90.54163956642151
783 90.66618990898132
784 90.76696705818176
785 90.90575194358826
786 91.00071716308594
787 91.1078109741211
788 91.20095133781433
789 91.29276657104492
790 91.41412425041199
791 91.5303852558136
792 91.68084335327148
793 91.80020427703857
794 91.87390446662903
795 91.97732639312744
796 92.06752753257751
797 92.17621040344238
798 92.2850706577301
799 92.39849996566772
800 92.52566313743591
801 92.61749315261841
802 92.70487475395203
803 92.81772541999817
804 92.9174690246582
805 93.04924154281616
806 93.1246886253357
807 93.24808979034424
808 93.33732175827026
809 93.45722270011902
810 93.56993198394775
811 93.68735647201538
812 93.78221821784973
813 93.90205645561218
814 93.99296283721924
815 94.09216451644897
816 94.20967364311218
817 94.29672837257385
818 94.41727328300476
819 94.5077543258667
820 94.56774044036865
821 94.6621904373169
822 94.781165599823
823 94.89801549911499
824 95.01726150512695
825 95.11195063591003
826 95.1973774433136
827 95.29079842567444
828 95.38055324554443
829 95.47435069084167
830 95.59012818336487
831 95.68269491195679
832 95.77338242530823
833 95.85772109031677
834 95.97997760772705
835 96.08672189712524
836 96.16219711303711
837 96.24986982345581
838 96.37291550636292
839 96.48679184913635
840 96.59978294372559
841 96.73362016677856
842 96.81708288192749
843 96.91209149360657
844 97.00228214263916
845 97.09331941604614
846 97.20761370658875
847 97.32718396186829
848 97.42009925842285
849 97.51278829574585
850 97.61689639091492
851 97.71667289733887
852 97.84021472930908
853 97.93531703948975
854 97.99882388114929
855 98.08405447006226
856 98.2301139831543
857 98.32353210449219
858 98.4067931175232
859 98.49722337722778
860 98.6205620765686
861 98.73911452293396
862 98.85729122161865
863 99.01337194442749
864 99.09759092330933
865 99.24668741226196
866 99.36411619186401
867 99.48182153701782
868 99.58020663261414
869 99.72832012176514
870 99.87680459022522
871 100.05729722976685
872 100.20978450775146
873 100.36040496826172
874 100.53733205795288
875 100.69507884979248
876 100.80949139595032
877 100.93028855323792
878 101.08051657676697
879 101.199049949646
880 101.32139134407043
881 101.43889474868774
882 101.55973052978516
883 101.64795088768005
884 101.77144455909729
885 101.86357569694519
886 101.97732758522034
887 102.09848618507385
888 102.21678495407104
889 102.31270337104797
890 102.45739817619324
891 102.58187890052795
892 102.66759276390076
893 102.78703093528748
894 102.91175389289856
895 103.00543785095215
896 103.11747145652771
897 103.23672103881836
898 103.35721135139465
899 103.44828605651855
900 103.57194757461548
901 103.6945309638977
902 103.8080461025238
903 103.93198895454407
904 104.04152154922485
905 104.15985298156738
906 104.28433966636658
907 104.40968751907349
908 104.5218780040741
909 104.63799953460693
910 104.73755264282227
911 104.84856653213501
912 104.98411202430725
913 105.10410857200623
914 105.2408652305603
915 105.33659934997559
916 105.45727181434631
917 105.57073855400085
918 105.66466164588928
919 105.79127383232117
920 105.91305208206177
921 106.0254545211792
922 106.113924741745
923 106.23742341995239
924 106.34787106513977
925 106.47173857688904
926 106.54913592338562
927 106.66200637817383
928 106.77562212944031
929 106.8948483467102
930 106.9812273979187
931 107.0775876045227
932 107.18838834762573
933 107.27949094772339
934 107.37683200836182
935 107.48657608032227
936 107.57778120040894
937 107.6994116306305
938 107.81935024261475
939 107.9380259513855
940 108.06894016265869
941 108.187420129776
942 108.28169679641724
943 108.38827061653137
944 108.49134492874146
945 108.60241961479187
946 108.69931149482727
947 108.8383047580719
948 108.97107815742493
949 109.05738258361816
950 109.14335298538208
951 109.20925068855286
952 109.32640027999878
953 109.43704962730408
954 109.55716252326965
955 109.68867254257202
956 109.81020927429199
957 109.92338037490845
958 110.02093076705933
959 110.12685108184814
960 110.22739934921265
961 110.33758091926575
962 110.47054266929626
963 110.58527159690857
964 110.68005061149597
965 110.77662229537964
966 110.87790584564209
967 111.00471353530884
968 111.09758758544922
969 111.2160108089447
970 111.33930683135986
971 111.4539680480957
972 111.57377886772156
973 111.68910837173462
974 111.78483748435974
975 111.89865899085999
976 112.02129602432251
977 112.1480393409729
978 112.26032900810242
979 112.34985256195068
980 112.467440366745
981 112.56728887557983
982 112.65012311935425
983 112.74213218688965
984 112.85754609107971
985 113.01004791259766
986 113.10443043708801
987 113.18723344802856
988 113.2773666381836
989 113.38329076766968
990 113.51681113243103
991 113.63687467575073
992 113.73111534118652
993 113.84673619270325
994 113.92798280715942
995 114.01344132423401
996 114.12997460365295
997 114.22138404846191
998 114.34527802467346
999 114.44680714607239
1000 114.56923007965088
1001 114.64397382736206
1002 114.75083422660828
1003 114.82077193260193
1004 114.8847541809082
1005 115.00214886665344
1006 115.13666152954102
1007 115.22756552696228
1008 115.31728649139404
1009 115.4283401966095
1010 115.54139399528503
1011 115.66084384918213
1012 115.72705960273743
1013 115.85681581497192
1014 115.97731900215149
1015 116.09930944442749
1016 116.20317149162292
1017 116.32429242134094
1018 116.41010046005249
1019 116.48717451095581
1020 116.59343314170837
1021 116.69676232337952
1022 116.81713628768921
1023 116.94084548950195
1024 117.0415289402008
1025 117.14684128761292
1026 117.25344038009644
1027 117.36812353134155
