1 0.2595803737640381
2 0.4694948196411133
3 0.6319096088409424
4 0.7709052562713623
5 0.9194827079772949
6 1.0694584846496582
7 1.2000668048858643
8 1.3402833938598633
9 1.4725251197814941
10 1.5969362258911133
11 1.729557752609253
12 1.8358135223388672
13 1.9581589698791504
14 2.091723680496216
15 2.193598747253418
16 2.2813949584960938
17 2.401815414428711
18 2.51004695892334
19 2.61592698097229
20 2.7495474815368652
21 2.873147964477539
22 2.971517324447632
23 3.0609092712402344
24 3.199495553970337
25 3.3004589080810547
26 3.4096784591674805
27 3.5127434730529785
28 3.6194403171539307
29 3.7399845123291016
30 3.8174002170562744
31 3.9328525066375732
32 4.039478302001953
33 4.121700763702393
34 4.237930536270142
35 4.297076463699341
36 4.417402267456055
37 4.550057888031006
38 4.6526055335998535
39 4.748862266540527
40 4.864290475845337
41 4.9993896484375
42 5.103962182998657
43 5.239968299865723
44 5.359472990036011
45 5.467938423156738
46 5.572913646697998
47 5.689607858657837
48 5.805749893188477
49 5.9087584018707275
50 6.004905700683594
51 6.12528133392334
52 6.202754259109497
53 6.3136210441589355
54 6.441240072250366
55 6.561732292175293
56 6.638721704483032
57 6.731634855270386
58 6.859882593154907
59 6.962876796722412
60 7.080943584442139
61 7.205048322677612
62 7.315047979354858
63 7.418055057525635
64 7.533264636993408
65 7.631293058395386
66 7.729473352432251
67 7.833008527755737
68 7.928677082061768
69 8.055802345275879
70 8.149444341659546
71 8.26150918006897
72 8.350313901901245
73 8.465102195739746
74 8.585218667984009
75 8.674133062362671
76 8.779460668563843
77 8.912535905838013
78 9.010758399963379
79 9.08016324043274
80 9.16989779472351
81 9.27798342704773
82 9.359935522079468
83 9.484166145324707
84 9.573829412460327
85 9.688888549804688
86 9.80840277671814
87 9.910017251968384
88 9.999627351760864
89 10.088452100753784
90 10.202309846878052
91 10.293359518051147
92 10.387324571609497
93 10.508000135421753
94 10.625494956970215
95 10.689589262008667
96 10.819354057312012
97 10.899100542068481
98 10.980867147445679
99 11.100154161453247
100 11.209360599517822
101 11.287818670272827
102 11.362415790557861
103 11.496030807495117
104 11.607160806655884
105 11.708477973937988
106 11.810970067977905
107 11.886273860931396
108 11.990347385406494
109 12.11323356628418
110 12.209815740585327
111 12.324934244155884
112 12.425516366958618
113 12.562573671340942
114 12.650185346603394
115 12.755081176757812
116 12.865349054336548
117 12.95993971824646
118 13.073008298873901
119 13.192464113235474
120 13.293747901916504
121 13.400969505310059
122 13.506023645401001
123 13.614668130874634
124 13.712561845779419
125 13.794504165649414
126 13.880176544189453
127 13.999478578567505
128 14.106203556060791
129 14.216109037399292
130 14.317312479019165
131 14.425453186035156
132 14.511427164077759
133 14.61068868637085
134 14.702104091644287
135 14.81999397277832
136 14.93382453918457
137 15.054372787475586
138 15.173313856124878
139 15.26321268081665
140 15.351221323013306
141 15.444682359695435
142 15.536981582641602
143 15.650070428848267
144 15.725697040557861
145 15.850938320159912
146 15.932167291641235
147 16.01394009590149
148 16.11424160003662
149 16.177042484283447
150 16.28995680809021
151 16.37381649017334
152 16.46096444129944
153 16.568564653396606
154 16.684041738510132
155 16.797138929367065
156 16.8841769695282
157 16.97693419456482
158 17.07516837120056
159 17.15393376350403
160 17.224254846572876
161 17.329915285110474
162 17.45741558074951
163 17.580590963363647
164 17.66632914543152
165 17.768627405166626
166 17.88831329345703
167 18.002676486968994
168 18.12206530570984
169 18.246626138687134
170 18.386077404022217
171 18.483682870864868
172 18.57526135444641
173 18.709893703460693
174 18.829830169677734
175 18.94950580596924
176 19.07015037536621
177 19.190439224243164
178 19.297287702560425
179 19.410496711730957
180 19.549346208572388
181 19.650984287261963
182 19.790972471237183
183 19.94147491455078
184 20.060041427612305
185 20.179518699645996
186 20.299890518188477
187 20.43231439590454
188 20.52021360397339
189 20.659491539001465
190 20.788477182388306
191 20.899317979812622
192 21.01931095123291
193 21.121184825897217
194 21.28949236869812
195 21.39294719696045
196 21.564603328704834
197 21.663718938827515
198 21.780893087387085
199 21.89828848838806
200 22.010096549987793
201 22.11764931678772
202 22.250027418136597
203 22.3695387840271
204 22.494539499282837
205 22.613303899765015
206 22.730361938476562
207 22.83012366294861
208 22.972631454467773
209 23.090387105941772
210 23.216094255447388
211 23.339265823364258
212 23.432992458343506
213 23.520001649856567
214 23.640015363693237
215 23.78146505355835
216 23.870012283325195
217 24.020256519317627
218 24.14201807975769
219 24.2429141998291
220 24.36139702796936
221 24.44870662689209
222 24.562696933746338
223 24.657462120056152
224 24.772801160812378
225 24.87012553215027
226 25.019155740737915
227 25.14063858985901
228 25.233949422836304
229 25.325079917907715
230 25.43196415901184
231 25.530669927597046
232 25.62203884124756
233 25.743438005447388
234 25.829914331436157
235 25.91951847076416
236 26.01297688484192
237 26.124345779418945
238 26.245962381362915
239 26.31124210357666
240 26.420957326889038
241 26.520299911499023
242 26.63380718231201
243 26.72974157333374
244 26.822683334350586
245 26.88862133026123
246 26.993557929992676
247 27.1142418384552
248 27.199989080429077
249 27.270242929458618
250 27.35331916809082
251 27.45485258102417
252 27.54462504386902
253 27.621347904205322
254 27.697263956069946
255 27.809760570526123
256 27.900368452072144
257 28.01396894454956
258 28.110358238220215
259 28.192862272262573
260 28.317238569259644
261 28.410135984420776
262 28.5212082862854
263 28.649826049804688
264 28.73963451385498
265 28.82179093360901
266 28.922253608703613
267 29.012417793273926
268 29.131288290023804
269 29.227007389068604
270 29.318033933639526
271 29.435938119888306
272 29.526790380477905
273 29.63954472541809
274 29.729984521865845
275 29.825788259506226
276 29.939752340316772
277 30.00202965736389
278 30.1005961894989
279 30.215991735458374
280 30.30347728729248
281 30.42021417617798
282 30.51118278503418
283 30.59943962097168
284 30.710413455963135
285 30.84492301940918
286 30.944783449172974
287 31.028063535690308
288 31.15267586708069
289 31.21143627166748
290 31.31946039199829
291 31.409834146499634
292 31.50214171409607
293 31.63208818435669
294 31.74316668510437
295 31.8598895072937
296 31.985792636871338
297 32.07601547241211
298 32.18970513343811
299 32.33955192565918
300 32.460068702697754
301 32.609893560409546
302 32.730724811553955
303 32.85095405578613
304 32.97419238090515
305 33.0900297164917
306 33.21648812294006
307 33.33132576942444
308 33.47935748100281
309 33.62043571472168
310 33.74967694282532
311 33.89938950538635
312 34.02113461494446
313 34.141610860824585
314 34.29541325569153
315 34.417068004608154
316 34.501973152160645
317 34.64942002296448
318 34.747076988220215
319 34.90174913406372
320 34.98238730430603
321 35.10290551185608
322 35.21991419792175
323 35.34713387489319
324 35.432637214660645
325 35.57998704910278
326 35.67531061172485
327 35.792263984680176
328 35.91478157043457
329 36.031893253326416
330 36.17070198059082
331 36.269370317459106
332 36.389888763427734
333 36.51030373573303
334 36.63237237930298
335 36.75311636924744
336 36.870837926864624
337 37.02674078941345
338 37.1410756111145
339 37.25946569442749
340 37.38142704963684
341 37.499969720840454
342 37.62170124053955
343 37.74577307701111
344 37.85982966423035
345 37.95228838920593
346 38.070019245147705
347 38.19588255882263
348 38.31784129142761
349 38.4294228553772
350 38.52895665168762
351 38.66947317123413
352 38.81997609138489
353 38.93943762779236
354 39.06965708732605
355 39.17012643814087
356 39.33232522010803
357 39.449950218200684
358 39.53464078903198
359 39.660046339035034
360 39.811004877090454
361 39.92903995513916
362 40.0530526638031
363 40.16813659667969
364 40.30959367752075
365 40.46057415008545
366 40.58073592185974
367 40.702603578567505
368 40.822126626968384
369 40.948880672454834
370 41.06137800216675
371 41.1648485660553
372 41.299936294555664
373 41.41946458816528
374 41.543837547302246
375 41.67563509941101
376 41.790759563446045
377 41.9002161026001
378 42.00053787231445
379 42.11197853088379
380 42.2366099357605
381 42.34955596923828
382 42.47955894470215
383 42.57279133796692
384 42.682074308395386
385 42.8099799156189
386 42.93249011039734
387 43.04008889198303
388 43.140177965164185
389 43.25087285041809
390 43.35503554344177
391 43.490710496902466
392 43.61332058906555
393 43.73076510429382
394 43.82336735725403
395 43.95186996459961
396 44.06739139556885
397 44.160712242126465
398 44.273086071014404
399 44.392637968063354
400 44.49371838569641
401 44.573261976242065
402 44.660605907440186
403 44.780152797698975
404 44.88087582588196
405 44.99730968475342
406 45.11209535598755
407 45.234671115875244
408 45.321908473968506
409 45.41994619369507
410 45.53900480270386
411 45.65079998970032
412 45.77633595466614
413 45.870808124542236
414 45.95379590988159
415 46.05686974525452
416 46.1428017616272
417 46.2545051574707
418 46.3499231338501
419 46.442890882492065
420 46.50522065162659
421 46.6157386302948
422 46.70570397377014
423 46.820130825042725
424 46.940375089645386
425 47.047051429748535
426 47.155434370040894
427 47.222712993621826
428 47.335352659225464
429 47.43669247627258
430 47.5536527633667
431 47.64996337890625
432 47.733917236328125
433 47.82504153251648
434 47.93176507949829
435 48.03039336204529
436 48.154359340667725
437 48.268675327301025
438 48.35433220863342
439 48.4554238319397
440 48.540260791778564
441 48.630502462387085
442 48.77972078323364
443 48.87503218650818
444 48.987006425857544
445 49.13004755973816
446 49.22269654273987
447 49.33959603309631
448 49.463881969451904
449 49.5599889755249
450 49.680094957351685
451 49.82108736038208
452 49.94018340110779
453 50.09135031700134
454 50.21798086166382
455 50.3674476146698
456 50.48846673965454
457 50.6030068397522
458 50.75187587738037
459 50.8800323009491
460 50.99000358581543
461 51.12358355522156
462 51.26578760147095
463 51.401246309280396
464 51.5294303894043
465 51.679481744766235
466 51.802050828933716
467 51.92303681373596
468 52.04636526107788
469 52.16014003753662
470 52.309616804122925
471 52.411638498306274
472 52.55248236656189
473 52.65570664405823
474 52.78281021118164
475 52.90946292877197
476 52.98297619819641
477 53.10329723358154
478 53.23955273628235
479 53.35983324050903
480 53.47949719429016
481 53.58204436302185
482 53.70442724227905
483 53.822797536849976
484 53.94847297668457
485 54.080018281936646
486 54.183204650878906
487 54.304115772247314
488 54.42637920379639
489 54.559441328048706
490 54.67947506904602
491 54.82939076423645
492 54.94945502281189
493 55.061416149139404
494 55.173083782196045
495 55.31094169616699
496 55.41086292266846
497 55.51962065696716
498 55.62119174003601
499 55.75946354866028
500 55.868818283081055
501 55.97444033622742
502 56.07209634780884
503 56.20948338508606
504 56.329437255859375
505 56.43188118934631
506 56.58628821372986
507 56.72194218635559
508 56.8395037651062
509 56.959999799728394
510 57.08000826835632
511 57.21281337738037
512 57.349931955337524
513 57.471290826797485
514 57.572888135910034
515 57.666313886642456
516 57.78619337081909
517 57.92055702209473
518 58.03951120376587
519 58.19254159927368
520 58.309377670288086
521 58.441160678863525
522 58.55210089683533
523 58.65384125709534
524 58.77374482154846
525 58.91273093223572
526 59.005616903305054
527 59.12940502166748
528 59.220986127853394
529 59.34021806716919
530 59.45943784713745
531 59.57951903343201
532 59.72977948188782
533 59.84979796409607
534 59.969802141189575
535 60.06559228897095
536 60.20001435279846
537 60.338274240493774
538 60.44991588592529
539 60.569353342056274
540 60.694873332977295
541 60.80964970588684
542 60.949298620224
543 61.04985976219177
544 61.141783475875854
545 61.26369619369507
546 61.409494161605835
547 61.53048300743103
548 61.65169930458069
549 61.775736808776855
550 61.891292333602905
551 62.045791149139404
552 62.16143012046814
553 62.339667320251465
554 62.459559202194214
555 62.643452405929565
556 62.78936958312988
557 62.971787452697754
558 63.17937445640564
559 63.39190721511841
560 63.59937572479248
561 63.809398889541626
562 63.991307497024536
563 64.17874526977539
564 64.349454164505
565 64.53661441802979
566 64.65416622161865
567 64.82986235618591
568 64.9799337387085
569 65.10093545913696
570 65.25639629364014
571 65.40643000602722
572 65.55379343032837
573 65.69946789741516
574 65.84992504119873
575 66.03369522094727
576 66.1832845211029
577 66.32942509651184
578 66.4495153427124
579 66.62994003295898
580 66.7532229423523
581 66.90004372596741
582 67.05040168762207
583 67.19955515861511
584 67.31997585296631
585 67.50254344940186
586 67.67947387695312
587 67.8294517993927
588 67.97995448112488
589 68.15938377380371
590 68.2808473110199
591 68.42942333221436
592 68.58056092262268
593 68.73047709465027
594 68.879812002182
595 68.99944639205933
596 69.14621758460999
597 69.30084776878357
598 69.44210886955261
599 69.57371425628662
600 69.71461367607117
601 69.86677980422974
602 70.02051711082458
603 70.16453194618225
604 70.35023021697998
605 70.49279189109802
606 70.64349365234375
607 70.76023721694946
608 70.9122884273529
609 71.03481101989746
610 71.19043374061584
611 71.31102705001831
612 71.48147964477539
613 71.60215663909912
614 71.75050210952759
615 71.90120363235474
616 72.02640676498413
617 72.18041896820068
618 72.29687881469727
619 72.44021368026733
620 72.56120777130127
621 72.71306657791138
622 72.8349187374115
623 72.98100638389587
624 73.16451525688171
625 73.31117486953735
626 73.44103121757507
627 73.57947778701782
628 73.73715043067932
629 73.85254693031311
630 74.00865578651428
631 74.12131762504578
632 74.27466249465942
633 74.39484477043152
634 74.52264881134033
635 74.66001009941101
636 74.80954551696777
637 74.96322727203369
638 75.11988592147827
639 75.2418909072876
640 75.35585904121399
641 75.47574090957642
642 75.59361100196838
643 75.69049143791199
644 75.83267045021057
645 75.98069715499878
646 76.1082878112793
647 76.2545657157898
648 76.37252759933472
649 76.52578115463257
650 76.61916732788086
651 76.74120354652405
652 76.82727932929993
653 76.93960642814636
654 77.06702971458435
655 77.18116497993469
656 77.28108096122742
657 77.39730453491211
658 77.51899218559265
659 77.61570429801941
660 77.75688004493713
661 77.88123917579651
662 77.99049019813538
663 78.12239909172058
664 78.23385500907898
665 78.39054250717163
666 78.50947260856628
667 78.62875747680664
668 78.73960566520691
669 78.87105011940002
670 78.96636390686035
671 79.07523775100708
672 79.16492295265198
673 79.2802255153656
674 79.4013524055481
675 79.46395182609558
676 79.55667757987976
677 79.68025755882263
678 79.7709755897522
679 79.88031959533691
680 79.97113919258118
681 80.07000398635864
682 80.20946049690247
683 80.30107235908508
684 80.37944316864014
685 80.51035141944885
686 80.61236596107483
687 80.72188568115234
688 80.85337543487549
689 80.97319197654724
690 81.10997223854065
691 81.20780730247498
692 81.30266690254211
693 81.42913103103638
694 81.54297208786011
695 81.63676643371582
696 81.72521424293518
697 81.82997679710388
698 81.93275284767151
699 82.04516530036926
700 82.16256594657898
701 82.23951172828674
702 82.35230803489685
703 82.49032974243164
704 82.59101152420044
705 82.68515467643738
706 82.80808234214783
707 82.90478754043579
708 83.00058341026306
709 83.12576532363892
710 83.22960615158081
711 83.32966995239258
712 83.4330575466156
713 83.52503776550293
714 83.65333533287048
715 83.7551019191742
716 83.87063264846802
717 83.94478344917297
718 84.07944989204407
719 84.17177200317383
720 84.26378297805786
721 84.37331032752991
722 84.51211452484131
723 84.60636186599731
724 84.7244324684143
725 84.81618738174438
726 84.9026243686676
727 84.99415040016174
728 85.12946724891663
729 85.25627398490906
730 85.36969518661499
731 85.4422812461853
732 85.55005311965942
733 85.62298154830933
734 85.71412754058838
735 85.80554819107056
736 85.9098494052887
737 86.02938485145569
738 86.13213038444519
739 86.21186256408691
740 86.28552389144897
741 86.38932800292969
742 86.46789908409119
743 86.56957793235779
744 86.68949365615845
745 86.79999375343323
746 86.92992806434631
747 87.04155731201172
748 87.15051245689392
749 87.24686670303345
750 87.31994962692261
751 87.39412879943848
752 87.48415017127991
753 87.6194760799408
754 87.7247588634491
755 87.83615040779114
756 87.91959238052368
757 87.99755072593689
758 88.13514113426208
759 88.23764967918396
760 88.3529200553894
761 88.41492891311646
762 88.54933762550354
763 88.6761703491211
764 88.7795078754425
765 88.88105320930481
766 88.98029899597168
767 89.06936597824097
768 89.16209745407104
769 89.27997946739197
770 89.40252685546875
771 89.53154635429382
772 89.62064170837402
773 89.69238233566284
774 89.79279565811157
775 89.89405822753906
776 89.96978902816772
777 90.06394672393799
778 90.15290021896362
779 90.24626898765564
780 90.37006902694702
781 90.48967790603638
782 90.57315492630005
783 90.67200684547424
784 90.77987289428711
785 90.88400316238403
786 90.9640862941742
787 91.09570455551147
788 91.20637798309326
789 91.3293776512146
790 91.41533923149109
791 91.52993035316467
792 91.62284755706787
793 91.74041962623596
794 91.84043002128601
795 91.95639371871948
796 92.05024099349976
797 92.13624548912048
798 92.2243824005127
799 92.3424460887909
800 92.42142534255981
801 92.51944708824158
802 92.64093351364136
803 92.75994372367859
804 92.86629700660706
805 92.9527747631073
806 93.0350079536438
807 93.1263358592987
808 93.22280931472778
809 93.32255458831787
810 93.3936378955841
811 93.5154345035553
812 93.60172414779663
813 93.7253794670105
814 93.85186910629272
815 93.93688201904297
816 94.04530906677246
817 94.13729238510132
818 94.25054430961609
819 94.3527603149414
820 94.43945002555847
821 94.53202486038208
822 94.69017386436462
823 94.80592060089111
824 94.87121891975403
825 94.9823579788208
826 95.09939885139465
827 95.19195890426636
828 95.3247766494751
829 95.47362351417542
830 95.54996156692505
831 95.61244988441467
832 95.75944828987122
833 95.88287568092346
834 95.97404646873474
835 96.09640860557556
836 96.22215390205383
837 96.30151772499084
838 96.41930770874023
839 96.53008341789246
840 96.63031196594238
841 96.72348403930664
842 96.85012793540955
843 96.96615719795227
844 97.04643392562866
845 97.15136981010437
846 97.20293998718262
847 97.29281401634216
848 97.37944483757019
849 97.47004222869873
850 97.5515513420105
851 97.6559591293335
852 97.76330304145813
853 97.8619396686554
854 97.95170164108276
855 98.06035709381104
856 98.15713834762573
857 98.2562096118927
858 98.40393280982971
859 98.48993349075317
860 98.55667328834534
861 98.6640522480011
862 98.76801943778992
863 98.87079405784607
864 98.9739716053009
865 99.08305072784424
866 99.2085120677948
867 99.30446243286133
868 99.39266896247864
869 99.50741481781006
870 99.62276029586792
871 99.74620628356934
872 99.86350464820862
873 99.9530565738678
874 100.070552110672
875 100.19991898536682
876 100.31583738327026
877 100.43886828422546
878 100.55318069458008
879 100.68171787261963
880 100.80241394042969
881 100.91283130645752
882 101.03389000892639
883 101.15893864631653
884 101.2806167602539
885 101.39491033554077
886 101.51419305801392
887 101.63507056236267
888 101.74997091293335
889 101.88280320167542
890 102.00060701370239
891 102.13602256774902
892 102.25281882286072
893 102.36383485794067
894 102.49998712539673
895 102.61952209472656
896 102.72641181945801
897 102.82003593444824
898 102.91020941734314
899 103.03983998298645
900 103.14127087593079
901 103.25128388404846
902 103.36946249008179
903 103.50119662284851
904 103.63349771499634
905 103.7594804763794
906 103.87958765029907
907 103.99142503738403
908 104.11995649337769
909 104.22020220756531
910 104.34485268592834
911 104.43413186073303
912 104.57067394256592
913 104.67809963226318
914 104.81038999557495
915 104.911776304245
916 105.03122067451477
917 105.17102193832397
918 105.28951835632324
919 105.41100096702576
920 105.50254321098328
921 105.60744619369507
922 105.72259664535522
923 105.84397673606873
924 105.93281650543213
925 106.0417070388794
926 106.16022753715515
927 106.2675473690033
928 106.38133645057678
929 106.49054455757141
930 106.59494876861572
931 106.71049809455872
932 106.83529138565063
933 106.93150973320007
934 107.03142261505127
935 107.14112257957458
936 107.23945760726929
937 107.34145522117615
938 107.47944974899292
939 107.58445477485657
940 107.7119472026825
941 107.79492163658142
942 107.90168809890747
943 108.02091932296753
944 108.09868669509888
945 108.18731379508972
946 108.31946992874146
947 108.40943765640259
948 108.52965331077576
949 108.64980340003967
950 108.73360061645508
951 108.84310865402222
952 108.96668887138367
953 109.0543053150177
954 109.14706158638
955 109.23062252998352
956 109.32893800735474
957 109.44759273529053
958 109.52107405662537
959 109.62823414802551
960 109.75078129768372
961 109.86713814735413
962 109.98458576202393
963 110.07992839813232
964 110.19687724113464
965 110.28553557395935
966 110.41286492347717
967 110.53024530410767
968 110.61395192146301
969 110.74979877471924
970 110.85891127586365
971 110.97169852256775
972 111.0692868232727
973 111.1553475856781
974 111.27828931808472
975 111.3988561630249
976 111.51464986801147
977 111.6125135421753
978 111.72865891456604
979 111.81042432785034
980 111.90445160865784
981 111.9976236820221
982 112.11650967597961
983 112.20724987983704
984 112.34045100212097
985 112.45250582695007
986 112.542405128479
987 112.62709712982178
988 112.74700474739075
989 112.86864280700684
990 112.98912525177002
991 113.07438039779663
992 113.16229462623596
993 113.29987597465515
994 113.37678551673889
995 113.48011779785156
996 113.5597596168518
997 113.67862558364868
998 113.79250907897949
999 113.91788911819458
1000 114.05346035957336
1001 114.16305923461914
1002 114.24455904960632
1003 114.33261632919312
1004 114.39517855644226
1005 114.48397135734558
1006 114.57490015029907
1007 114.66614627838135
1008 114.76215553283691
1009 114.88053631782532
1010 114.9927008152008
1011 115.08436393737793
1012 115.17908978462219
1013 115.26379203796387
1014 115.38575983047485
1015 115.47316217422485
1016 115.59958672523499
1017 115.71931099891663
1018 115.846195936203
1019 115.95735096931458
1020 116.04329538345337
1021 116.14979839324951
1022 116.25776958465576
1023 116.34725189208984
1024 116.4574830532074
1025 116.55880117416382
1026 116.67719411849976
1027 116.78371047973633
1028 116.88571405410767
1029 116.97448015213013
1030 117.09449410438538
1031 117.22292423248291
1032 117.34446454048157
1033 117.45882987976074
1034 117.5485053062439
1035 117.66483283042908
