1 4 1525313532.677131
2 4 1525313533.3165748
1 11.110910451246255 0.99 1525313533.781323
1 11.494562185359307 0.99 1525313534.0329072
1 12.04507640757612 0.94 1525313534.2845058
1 11.90228465926328 0.94 1525313534.5431404
2 9.698564562385089 0.99 1525313534.576167
1 11.820772207939582 0.94 1525313534.792283
2 10.258745227491007 0.99 1525313534.857175
1 11.7471180329977 0.94 1525313535.051545
2 10.8067036025351 0.99 1525313535.1271496
1 11.624033010795776 0.94 1525313535.3136163
2 10.696985279576833 0.99 1525313535.4310608
1 11.792848623903186 0.94 1525313535.560155
2 10.97783092218979 0.99 1525313535.671095
1 11.760431326479528 0.94 1525313535.8135378
2 10.901025807300636 0.99 1525313535.9583802
1 11.859888113774149 0.94 1525313536.0702353
2 11.206903493417252 0.99 1525313536.198167
1 11.914018668074196 0.94 1525313536.3188446
2 12.00576213748337 0.94 1525313536.430469
1 11.803804434470472 0.94 1525313536.5781853
2 11.296060598075503 0.94 1525313536.7306364
1 11.721109426992216 0.94 1525313536.8430972
2 11.401178396122871 0.94 1525313537.0134103
1 11.718256033432224 0.94 1525313537.091636
2 11.40095714368104 0.94 1525313537.2502139
1 11.758607901183167 0.94 1525313537.3423722
2 10.88328746498243 0.94 1525313537.5330434
1 11.74218181472678 0.94 1525313537.6010313
2 10.990282094087974 0.94 1525313537.8225434
1 11.797098196665004 0.94 1525313537.8551202
2 11.381929433684666 0.94 1525313538.0685396
1 11.767923391923173 0.94 1525313538.1084573
1 11.7571201692468 0.94 1525313538.3626273
2 10.79766276999873 0.94 1525313538.3900297
2 11.081460988300778 0.94 1525313538.6226451
1 11.753236807423162 0.94 1525313538.6504114
1 11.677804983552186 0.94 1525313538.8903532
2 11.12652019248627 0.94 1525313538.910175
1 11.624956167535778 0.94 1525313539.1441026
2 10.925157582247927 0.94 1525313539.1690001
1 11.592996633784837 0.94 1525313539.3931262
2 11.034112965751659 0.94 1525313539.4488268
1 11.581056631321202 0.94 1525313539.6535323
2 10.85811046298242 0.94 1525313539.7207332
1 11.683511770672188 0.94 1525313539.9120452
2 10.890771901031535 0.94 1525313540.001311
1 11.767755545243174 0.94 1525313540.161117
2 10.581956898014921 0.94 1525313540.2989132
1 11.808359183014115 0.94 1525313540.412631
2 10.682130848396815 0.94 1525313540.5725684
1 11.874010123077802 0.94 1525313540.668308
2 10.911684071480646 0.94 1525313540.8207057
1 11.879739798381438 0.94 1525313540.9212477
2 10.969781910944324 0.94 1525313541.0957534
1 11.79100993981773 0.94 1525313541.1774135
2 11.12680248008445 0.94 1525313541.3783147
1 11.794069327030458 0.94 1525313541.4350889
2 11.38726238047195 0.94 1525313541.6273572
1 11.778322256688634 0.94 1525313541.6881623
2 11.000230824575267 0.94 1525313541.912021
1 11.776407278657725 0.94 1525313541.9395404
2 11.371759450755567 0.94 1525313542.151486
1 11.726129568603135 0.94 1525313542.2067409
2 11.274972951551852 0.94 1525313542.4416785
1 11.640893972741244 0.94 1525313542.4671144
2 11.372568166577386 0.94 1525313542.6832998
1 11.651384390241256 0.94 1525313542.7121966
1 11.709642446990397 0.94 1525313542.9691505
2 11.264505422235478 0.94 1525313542.9887702
1 11.775812185883181 0.94 1525313543.2218118
2 10.840166127011498 0.94 1525313543.2589362
1 11.773515738124996 0.94 1525313543.482557
2 11.03997997015711 0.94 1525313543.527646
1 11.69240001531765 0.94 1525313543.7409227
2 10.741556202511415 0.94 1525313543.8009093
1 11.662599600223075 0.94 1525313543.9920628
2 10.869546925406057 0.94 1525313544.0808885
1 11.735460318132228 0.94 1525313544.2466936
2 10.9228535050952 0.94 1525313544.3555949
1 11.761667288395893 0.94 1525313544.5040836
2 11.032640492604372 0.94 1525313544.6144526
1 11.840356863737773 0.94 1525313544.7540495
2 10.93767741869703 0.94 1525313544.8974397
1 11.863100088877793 0.94 1525313545.0086157
2 10.968149220511599 0.94 1525313545.175187
1 11.853540457512324 0.94 1525313545.2568789
2 10.87954143226062 0.94 1525313545.459777
1 11.848871268050514 0.94 1525313545.5107465
2 11.081674611348054 0.94 1525313545.6975873
1 11.889871634337814 0.94 1525313545.7650685
2 11.132494008415376 0.94 1525313545.9758348
1 11.883974112354172 0.94 1525313546.0158207
2 11.280122792870042 0.94 1525313546.2393715
1 11.909402884374197 0.94 1525313546.267415
2 11.523180044299329 0.94 1525313546.501054
1 11.951578177421505 0.94 1525313546.5199978
1 11.955888785339692 0.94 1525313546.769141
2 11.018243825097093 0.94 1525313546.7884758
1 11.8972187412851 0.94 1525313547.0247204
2 10.818162953142384 0.94 1525313547.084526
1 11.845453299294146 0.94 1525313547.2797437
2 10.991334950535258 0.94 1525313547.330025
1 11.810464895908654 0.94 1525313547.5306566
2 10.733102833355037 0.94 1525313547.6183548
1 11.818155325610487 0.94 1525313547.7864125
2 10.619478260389485 0.94 1525313547.916815
1 11.800500906632289 0.94 1525313548.039313
2 10.625307117822222 0.94 1525313548.2153418
1 11.836984671348683 0.94 1525313548.2923007
2 10.720788990558672 0.94 1525313548.4500632
1 11.85535625341415 0.94 1525313548.547795
2 10.802072560046001 0.94 1525313548.7291431
1 11.782381094586812 0.94 1525313548.8031225
2 10.84868053132422 0.94 1525313549.0235093
1 11.760919607730434 0.94 1525313549.058298
2 11.443574941611988 0.94 1525313549.2624512
1 11.756067312799518 0.94 1525313549.31259
2 10.960367238075234 0.94 1525313549.5460382
1 11.760469473452254 0.94 1525313549.566047
1 11.78730205406864 0.94 1525313549.8203347
2 10.837190663138768 0.94 1525313549.8460386
1 11.788255728386822 0.94 1525313550.0797238
2 11.097826039600799 0.94 1525313550.1116288
1 11.712427175999492 0.94 1525313550.3353493
2 10.51046947112394 0.94 1525313550.4042017
1 11.703409231646745 0.94 1525313550.5896425
2 10.912523304880638 0.94 1525313550.6460772
1 11.7042560944413 0.94 1525313550.847055
2 11.02738383976256 0.94 1525313550.9249895
1 11.75422099931952 0.94 1525313551.099125
2 10.762590443273249 0.94 1525313551.2189083
1 11.804269827537746 0.94 1525313551.351853
2 11.073572194340773 0.94 1525313551.487209
1 11.797266043345006 0.94 1525313551.611155
2 11.087404286651694 0.94 1525313551.7287643
1 11.82964519379594 0.94 1525313551.8588848
2 10.924791371309743 0.94 1525313552.0234358
1 11.843812979466867 0.94 1525313552.1110184
2 11.30462077875551 0.94 1525313552.2806594
1 11.88993266949418 0.94 1525313552.3619847
2 11.464418447510184 0.94 1525313552.533114
1 11.86294750098688 0.94 1525313552.621677
2 11.005014454955269 0.94 1525313552.8220127
1 11.779741324074081 0.94 1525313552.8791304
2 11.387094533791949 0.94 1525313553.0774202
1 11.7992954622941 0.94 1525313553.1278741
2 10.953737294215218 0.94 1525313553.381515
1 11.78136638511227 0.94 1525313553.4091346
1 11.776102102875901 0.94 1525313553.6374416
2 10.650713001658602 0.94 1525313553.6605937
1 11.851907767079595 0.94 1525313553.89332
2 11.012819325575265 0.94 1525313553.9169602
1 11.850526846666874 0.94 1525313554.1440015
2 10.819765125996925 0.94 1525313554.186058
1 11.758348501768609 0.94 1525313554.401324
2 10.769014393480521 0.94 1525313554.4903505
1 11.759950674623164 0.94 1525313554.6597142
2 10.853204762289684 0.94 1525313554.7655358
1 11.687059439135822 0.94 1525313554.919242
2 10.58851054792947 0.94 1525313555.0415504
1 11.576692617641186 0.94 1525313555.1780818
2 10.829683338906026 0.94 1525313555.293828
1 11.604448354997583 0.94 1525313555.4342964
2 11.2924518944555 0.94 1525313555.55299
1 11.638925588948522 0.94 1525313555.6933124
2 11.27543834461913 0.94 1525313555.829362
1 11.714578665261307 0.94 1525313555.9453833
2 11.254411733251839 0.94 1525313556.1076763
1 11.747438467568609 0.94 1525313556.2001553
2 11.012338673718913 0.94 1525313556.3861701
1 11.83033183930504 0.94 1525313556.451077
2 10.821641957055112 0.94 1525313556.66254
1 11.78734020104137 0.94 1525313556.7121453
2 10.79420665426964 0.94 1525313556.9424188
1 11.735445059343146 0.94 1525313556.9626193
1 11.812128103919573 0.94 1525313557.2163055
2 10.812692677253281 0.94 1525313557.2370937
1 11.672327078268543 0.94 1525313557.4796596
2 10.984354054526161 0.94 1525313557.5011873
1 11.74759105545951 0.94 1525313557.7289183
2 11.110490834546267 0.94 1525313557.7487535
1 11.671251333637633 0.94 1525313557.9901757
2 10.88327983558789 0.94 1525313558.0433176
1 11.695703543155838 0.94 1525313558.2415586
2 10.941408192629753 0.94 1525313558.3129494
1 11.792741812379552 0.94 1525313558.4984283
2 10.729501759129583 0.94 1525313558.598455
1 11.77157787191044 0.94 1525313558.7491252
2 10.806818043453287 0.94 1525313558.8521938
1 11.866983450701433 0.94 1525313559.0011528
2 10.956888234162504 0.94 1525313559.139269
1 11.857667959961422 0.94 1525313559.2520247
2 11.221483266393623 0.94 1525313559.382188
1 11.788690603875914 0.94 1525313559.5140738
2 11.337312734382818 0.94 1525313559.6552818
1 11.793115652712277 0.94 1525313559.7669275
2 11.429910695981066 0.94 1525313559.9022703
1 11.788431204461363 0.94 1525313560.0222845
2 11.159669911786297 0.94 1525313560.2154794
1 11.763132132148618 0.94 1525313560.2725163
2 10.686601673600459 0.94 1525313560.505965
1 11.76680950031953 0.94 1525313560.5307293
1 11.752412832812249 0.94 1525313560.7889273
2 10.52981761569124 0.94 1525313560.8124561
2 10.627405201322226 0.94 1525313561.0326142
1 11.763109243964978 0.94 1525313561.0531065
1 11.768854178057712 0.94 1525313561.2918053
2 10.887704884424265 0.94 1525313561.3164155
1 11.882913626512357 0.94 1525313561.5442476
2 10.504854236738494 0.94 1525313561.647441
1 11.865060843275979 0.94 1525313561.7982008
2 10.787378346151451 0.94 1525313561.9078372
1 11.90372661483237 0.94 1525313562.0488203
2 10.208078418314601 0.94 1525313562.206927
1 11.87832073099598 0.94 1525313562.3062625
2 10.062334094312662 0.94 1525313562.5096345
1 11.798379934948654 0.94 1525313562.5626118
2 10.677110706785905 0.94 1525313562.772219
1 11.722414053459499 0.94 1525313562.8258376
2 10.375360523118385 0.94 1525313563.0644414
1 11.656587637321254 0.94 1525313563.089039
2 10.708169971980478 0.94 1525313563.329918
1 11.68637279362674 0.94 1525313563.3532767
2 11.224084889933634 0.94 1525313563.5844114
1 11.6978626618122 0.94 1525313563.6112506
1 11.657564199823081 0.94 1525313563.8567276
2 11.064538991198946 0.94 1525313563.8795938
1 11.618249929730311 0.94 1525313564.1116476
2 11.057565724584396 0.94 1525313564.147598
1 11.635629690504874 0.94 1525313564.361878
2 10.700166737102288 0.94 1525313564.4489517
1 11.665842092904896 0.94 1525313564.612657
2 10.224382434458251 0.94 1525313564.7517557
1 11.84920696141051 0.94 1525313564.8684301
2 10.262491260212835 0.94 1525313565.0250745
1 11.89471629987418 0.94 1525313565.1195035
2 10.668321644269536 0.94 1525313565.2725375
1 11.86414531593052 0.94 1525313565.3741004
2 10.92930797288065 0.94 1525313565.548471
1 11.881380118208712 0.94 1525313565.6251104
2 11.070871388671677 0.94 1525313565.8359935
1 11.79971507899411 0.94 1525313565.8850205
2 11.062173878889851 0.94 1525313566.1101377
1 11.75788310870134 0.94 1525313566.1414862
2 11.156953847328124 0.94 1525313566.3476608
1 11.72078899242131 0.94 1525313566.397181
2 11.14642528285538 0.94 1525313566.6250944
1 11.6929951080922 0.94 1525313566.648957
1 11.756944693172256 0.94 1525313566.9055405
2 10.93134502122429 0.94 1525313566.9377065
1 11.719575918688589 0.94 1525313567.1673474
2 10.949792897235225 0.94 1525313567.2056687
1 11.74968913895951 0.94 1525313567.420611
2 10.625780140284036 0.94 1525313567.4765632
1 11.664697683723087 0.94 1525313567.6803417
2 10.596071277924022 0.94 1525313567.760643
1 11.633554495188514 0.94 1525313567.933354
2 10.952562367455222 0.94 1525313568.0291548
1 11.762025869939523 0.94 1525313568.1875556
2 10.819597279316925 0.94 1525313568.3146093
1 11.750940359664975 0.94 1525313568.4422116
2 11.059854542948043 0.94 1525313568.561198
1 11.808664358795927 0.94 1525313568.696865
2 11.403085744759226 0.94 1525313568.810031
1 11.87147716408871 0.94 1525313568.9457574
2 11.216882741482719 0.94 1525313569.099339
1 11.909791983496008 0.94 1525313569.1931484
2 11.315927541471881 0.94 1525313569.3752172
1 11.94549754996877 0.94 1525313569.4440641
2 11.197069203848153 0.94 1525313569.6340346
1 11.940256155916037 0.94 1525313569.698523
2 10.619417225233132 0.94 1525313569.9419374
1 11.868013418965063 0.94 1525313569.9646447
1 11.760805166812247 0.94 1525313570.2109761
2 10.524202381305782 0.94 1525313570.2393215
1 11.78206066001591 0.94 1525313570.4641857
2 10.485437427620292 0.94 1525313570.5207257
1 11.8338489901905 0.94 1525313570.7131522
2 10.365510974760193 0.94 1525313570.790734
1 11.899316824785096 0.94 1525313570.9643118
2 10.838029896538764 0.94 1525313571.048225
1 11.955682791686959 0.94 1525313571.2180204
2 10.549119983891257 0.94 1525313571.37665
1 11.89417461286146 0.94 1525313571.4706442
2 10.987192189297064 0.94 1525313571.611738
1 11.888246573299632 0.94 1525313571.7261848
2 10.84934428864968 0.94 1525313571.8969846
1 11.837236441368677 0.94 1525313571.9784315
2 10.50439647306576 0.94 1525313572.191219
1 11.72463420727223 0.94 1525313572.2431161
2 11.08618358352442 0.94 1525313572.4598463
2 11.03996471136802 0.94 1525313572.7005916
2 6 frame freq 1525313572.7021027
1 11.688112295583101 0.94 1525313572.751464
1 6 frame freq 1525313572.7530558
2 14.312692683772543 0.89 1525313573.0261552
1 14.945863766494893 0.89 1525313573.0463963
1 19.695484257667314 0.84 1525313573.3607235
2 18.17609033393878 0.84 1525313573.386054
1 19.401905155557962 0.79 1525313573.6596382
2 17.688861939476546 0.79 1525313573.7065191
1 19.092228030957724 0.74 1525313573.986226
2 17.836902711236664 0.74 1525313574.0341473
1 17.74821862904023 0.69 1525313574.337044
2 18.090259645302325 0.69 1525313574.3711753
1 16.637165160173854 0.64 1525313574.7087739
2 17.31584558135989 0.64 1525313574.7313035
2 16.90341577102135 0.59 1525313575.0780587
1 15.647951170146378 0.59 1525313575.102054
2 17.131656738243358 0.54 1525313575.4268577
1 15.036081356994965 0.54 1525313575.5056217
2 16.082538694297043 0.49 1525313575.8247569
1 14.230440181177933 0.49 1525313575.9471512
2 14.25999645564705 0.44 1525313576.2667844
1 13.12489513517338 0.44 1525313576.4198709
2 12.9021625908132 0.39 1525313576.756387
1 11.883569754443267 0.44 1525313576.957153
2 12.456300773576464 0.34 1525313577.2317877
1 11.081583058613512 0.44 1525313577.5046368
2 11.236673390933637 0.34 1525313577.823228
1 11.09652141313352 0.44 1525313578.0389338
2 10.231401477440073 0.34 1525313578.4061737
1 11.214769399193619 0.44 1525313578.5727916
2 10.52530864351487 0.34 1525313578.9633858
1 11.436952627146526 0.44 1525313579.0876238
2 10.877603566046073 0.34 1525313579.506327
1 11.508684194662951 0.44 1525313579.6157305
2 10.830972706584207 0.34 1525313580.0701952
1 11.376077688068305 0.44 1525313580.1421206
2 11.084077870629873 0.34 1525313580.5897913
1 11.617128408732135 0.44 1525313580.6531093
1 11.344759023459185 0.44 1525313581.2059894
2 10.564279590853088 0.34 1525313581.2265675
1 11.159685170575393 0.44 1525313581.7238834
2 10.238565478918272 0.34 1525313581.760755
1 11.392053640246488 0.44 1525313582.2555172
2 10.780229603462358 0.34 1525313582.3209395
1 11.297220266046413 0.44 1525313582.7864835
2 10.923959767304295 0.34 1525313582.861823
1 11.121332204195358 0.44 1525313583.3351412
2 10.752946888567783 0.34 1525313583.434525
1 11.219903981722714 0.44 1525313583.8580334
2 10.916688954302462 0.34 1525313583.9615645
1 11.517900503273871 0.44 1525313584.372842
2 10.836130177296948 0.34 1525313584.5417645
1 11.270227468144574 0.44 1525313584.9267528
2 10.46223643880754 0.34 1525313585.1081052
1 11.088106190949876 0.44 1525313585.4558146
2 10.170564685334568 0.34 1525313585.7233732
1 11.227022206833627 0.44 1525313585.989382
2 9.828584704228831 0.439 1525313586.3302255
1 11.563943899355731 0.44 1525313586.4929817
2 11.310419118610064 0.439 1525313586.7845929
1 11.867807425312346 0.44 1525313587.0001998
2 12.887071648402275 0.389 1525313587.2600942
1 11.731042898690411 0.44 1525313587.5166657
2 12.259431876725388 0.339 1525313587.7615736
1 11.55006603067753 0.44 1525313588.044672
2 10.522081409622139 0.339 1525313588.400326
1 11.255975759133655 0.44 1525313588.5829232
2 10.144548449934554 0.339 1525313588.94685
1 11.151079213528119 0.44 1525313589.1145632
2 10.451166187322082 0.339 1525313589.553404
1 11.424982107104697 0.44 1525313589.6346514
2 10.023485217287183 0.339 1525313590.143076
1 11.355768239788286 0.44 1525313590.17434
1 11.297281301202773 0.44 1525313590.6976397
2 10.381135974789293 0.339 1525313590.7194934
1 11.268701589235485 0.44 1525313591.2372088
2 10.386133228216575 0.339 1525313591.3004491
1 11.115823781333535 0.44 1525313591.774097
2 10.543916736811246 0.339 1525313591.841678
1 11.334665334475542 0.44 1525313592.2952461
2 10.578424488340367 0.339 1525313592.432853
1 11.362093007866466 0.44 1525313592.830555
2 10.254755054143738 0.339 1525313593.012092
1 11.196260488026327 0.44 1525313593.3672798
2 10.15202525658911 0.339 1525313593.6148214
1 11.344446218282823 0.44 1525313593.8886454
2 10.580705677309464 0.339 1525313594.150439
1 11.440713918657446 0.44 1525313594.4171257
2 10.261751208941924 0.339 1525313594.7829452
1 11.499902761541122 0.44 1525313594.9320183
2 9.938676867519836 0.4381333333333333 1525313595.3551373
1 11.795160330450457 0.44 1525313595.4356978
2 12.00719646365791 0.38813333333333333 1525313595.7822273
1 11.706926382532211 0.44 1525313595.9575148
2 12.125917472179832 0.33813333333333334 1525313596.3410883
1 11.576974905239377 0.44 1525313596.4705508
2 10.89003184976063 0.33813333333333334 1525313596.8864737
1 11.675302542141274 0.44 1525313596.9844134
2 11.002954518427986 0.33813333333333334 1525313597.434617
1 11.669725454728539 0.44 1525313597.4987135
1 11.354852712442826 0.44 1525313598.040507
2 10.150247607660011 0.33813333333333334 1525313598.0661032
1 11.204568898686341 0.44 1525313598.5753968
2 10.187318835756413 0.33813333333333334 1525313598.6116493
1 11.416887319491968 0.44 1525313599.0938516
2 10.355760608531092 0.33813333333333334 1525313599.226588
1 11.45284465598473 0.44 1525313599.617112
2 10.083284411734498 0.33813333333333334 1525313599.7997212
1 11.255502736671838 0.44 1525313600.159094
2 9.981081042403506 0.4374 1525313600.4288683
1 10.896959340007903 0.44 1525313600.7193007
2 10.845033680731492 0.4374 1525313600.909022
1 11.08685497024442 0.44 1525313601.2426033
2 13.181558648462522 0.3874 1525313601.3404157
1 11.511156118495682 0.44 1525313601.7603004
2 11.980997122788802 0.3874 1525313601.907681
1 11.448061025604728 0.44 1525313602.2911217
2 11.366045034241015 0.3874 1525313602.3958437
1 11.102624928769886 0.44 1525313602.8414223
2 12.015199698536096 0.3374 1525313602.9454994
1 11.27094463123185 0.44 1525313603.3536916
2 10.684862171644085 0.3374 1525313603.520472
1 11.67294505922672 0.44 1525313603.8704224
2 10.249559436458274 0.3374 1525313604.0774271
1 11.946046866376044 0.44 1525313604.357673
2 10.97550395685342 0.3374 1525313604.6262188
1 11.79274181237955 0.44 1525313604.8884084
2 10.183908496394585 0.3374 1525313605.2585814
1 11.2632999778973 0.44 1525313605.4232032
2 10.099817309714519 0.3374 1525313605.8007984
1 11.42714885515561 0.44 1525313605.9437199
2 10.708482777156837 0.3374 1525313606.3767903
1 11.778314627294087 0.44 1525313606.4424372
2 10.540597950183969 0.3374 1525313606.936545
1 11.632913626046694 0.44 1525313606.9701622
1 11.573747671346647 0.44 1525313607.4792929
2 10.586053882885828 0.3374 1525313607.511783
1 11.547235525301172 0.44 1525313608.0081432
2 10.73892406139322 0.3374 1525313608.0571284
1 11.446863210661078 0.44 1525313608.5263348
2 10.876710926884252 0.3374 1525313608.6146188
1 11.318353688937338 0.44 1525313609.06742
2 10.101709399561795 0.3374 1525313609.2415433
1 11.38924602305377 0.44 1525313609.5859838
2 9.311288865862954 0.4367666666666667 1525313609.9016962
1 11.246202504720912 0.44 1525313610.134949
2 10.76098064102415 0.4367666666666667 1525313610.3570452
1 11.161569631028124 0.44 1525313610.6566925
2 13.07860759846607 0.38676666666666665 1525313610.8244731
1 11.75097087724315 0.44 1525313611.1557937
2 12.351648368596384 0.33676666666666666 1525313611.328193
1 11.586084402326648 0.44 1525313611.694577
2 11.27115062488457 0.33676666666666666 1525313611.8854656
1 11.383539235933764 0.44 1525313612.2127857
1 11.372949636304654 0.44 1525313612.2418354
1 4 frame freq 1525313612.2433894
2 10.682069813240453 0.33676666666666666 1525313612.4509997
2 10.605646168078573 0.33676666666666666 1525313612.4825144
2 4 frame freq 1525313612.4839833
1 10.734651600447766 0.44 1525313612.8131554
2 10.768274342209617 0.33676666666666666 1525313613.0024476
1 7.6768160009324875 0.524 1525313613.316139
2 7.543625845655105 0.4362333333333333 1525313613.532526
1 7.945523276823615 0.5954 1525313613.7521293
2 8.154298812438359 0.5207666666666667 1525313613.9564939
1 9.07583812079549 0.6560666666666667 1525313614.1345236
2 9.038499863889996 0.5926333333333333 1525313614.326945
1 10.425783191669334 0.6560666666666667 1525313614.4669132
2 10.141443286354553 0.5926333333333333 1525313614.7139788
1 11.238893544746366 0.6560666666666667 1525313614.8199735
2 10.653795277054975 0.5926333333333333 1525313615.0810428
1 11.651758230573977 0.6560666666666667 1525313615.1624696
2 10.776567494080533 0.5926333333333333 1525313615.4404628
1 11.535081899790242 0.6560666666666667 1525313615.509482
2 10.859453236422421 0.5926333333333333 1525313615.8191154
1 11.455652273177456 0.6560666666666667 1525313615.867396
2 11.057817494604398 0.5926333333333333 1525313616.1669505
1 11.498338735659308 0.6560666666666667 1525313616.2061
2 11.080102956071695 0.5926333333333333 1525313616.5264335
1 11.55082134073753 0.6560666666666667 1525313616.550357
2 11.384508169041032 0.5926333333333333 1525313616.8733518
1 11.52675823034115 0.6560666666666667 1525313616.908642
2 10.996057545758894 0.5926333333333333 1525313617.260008
1 11.374666250077386 0.6560666666666667 1525313617.2803528
1 11.263513600944576 0.6560666666666667 1525313617.614555
2 10.972208058409777 0.5926333333333333 1525313617.6391747
2 11.024988209875282 0.5926333333333333 1525313617.9618635
1 11.306856191357333 0.6560666666666667 1525313617.9819264
2 11.442812002157439 0.5926333333333333 1525313618.306395
1 11.23009685283545 0.6560666666666667 1525313618.3283017
2 11.870554007348705 0.5926333333333333 1525313618.6272666
1 11.297784841242784 0.6560666666666667 1525313618.6748796
2 11.785852469105008 0.5926333333333333 1525313618.980692
1 11.419069326331968 0.6560666666666667 1525313619.0225346
2 11.355890310101014 0.5926333333333333 1525313619.3638225
1 11.285959279697312 0.6560666666666667 1525313619.3915915
2 10.912561451853364 0.5926333333333333 1525313619.7268705
1 11.243875539384552 0.6560666666666667 1525313619.7474053
2 10.862840687600595 0.5926333333333333 1525313620.0871978
1 11.18364909884268 0.6560666666666667 1525313620.1115687
1 11.480951345490205 0.6560666666666667 1525313620.436951
2 11.029726063888006 0.5926333333333333 1525313620.4575796
1 11.440279043168355 0.6560666666666667 1525313620.7897139
2 11.038797414002566 0.5926333333333333 1525313620.8142037
1 11.454141653057453 0.6560666666666667 1525313621.1440775
2 11.144510304824474 0.5926333333333333 1525313621.1703467
1 11.463548696532014 0.6560666666666667 1525313621.483988
2 11.05490306588803 0.5926333333333333 1525313621.5362475
1 11.414789235991964 0.6560666666666667 1525313621.8406427
2 11.439897573441081 0.5926333333333333 1525313621.865604
1 11.354982412150102 0.6560666666666667 1525313622.2016108
2 11.35608104496464 0.5926333333333333 1525313622.2231326
1 11.25129894027728 0.6560666666666667 1525313622.5536
2 11.639375723226692 0.5926333333333333 1525313622.5742242
1 11.398950612915586 0.6560666666666667 1525313622.893924
2 11.311685598104608 0.5926333333333333 1525313622.9236257
1 11.418947256019244 0.6560666666666667 1525313623.2494059
2 11.23319438702091 0.5926333333333333 1525313623.2862332
1 11.550546682533904 0.6560666666666667 1525313623.5927377
2 11.289102590250051 0.5926333333333333 1525313623.6333587
1 11.456384695053824 0.6560666666666667 1525313623.9418333
2 11.14289287318084 0.5926333333333333 1525313623.9998684
1 11.507936513997501 0.6560666666666667 1525313624.2923667
2 11.155641591466296 0.5926333333333333 1525313624.362018
1 11.32264903806643 0.6560666666666667 1525313624.6521204
2 11.094446217817156 0.5926333333333333 1525313624.7143908
1 11.396966970333773 0.6560666666666667 1525313624.9937572
2 11.097024953173522 0.5926333333333333 1525313625.0834246
1 11.31878856442643 0.6560666666666667 1525313625.351798
2 11.121301686617176 0.5926333333333333 1525313625.4398944
1 11.327577626942805 0.6560666666666667 1525313625.7085285
2 11.070772206542587 0.5926333333333333 1525313625.7978806
1 11.190393483620873 0.6560666666666667 1525313626.069151
2 11.347795522488271 0.5926333333333333 1525313626.1408372
1 11.381189382413755 0.6560666666666667 1525313626.4062266
2 11.407983816057419 0.5926333333333333 1525313626.4936225
1 11.226671254684536 0.6560666666666667 1525313626.7814972
2 11.66459850159399 0.5926333333333333 1525313626.8247173
1 11.289461171793684 0.6560666666666667 1525313627.1334305
2 11.46929363062474 0.5926333333333333 1525313627.1876106
1 11.25201610336456 0.6560666666666667 1525313627.4732409
2 11.434076345402893 0.5926333333333333 1525313627.541281
1 11.522501028184779 0.6560666666666667 1525313627.8188787
2 11.247049367515464 0.5926333333333333 1525313627.891603
1 11.524881399282968 0.6560666666666667 1525313628.1732044
2 11.242799794753648 0.5926333333333333 1525313628.254954
1 11.477541006128376 0.6560666666666667 1525313628.5207977
2 11.467699087164739 0.5926333333333333 1525313628.5896063
1 11.426538503591976 0.6560666666666667 1525313628.8693128
2 11.378618276451936 0.5926333333333333 1525313628.9457207
1 11.238145864080915 0.6560666666666667 1525313629.2410321
2 11.682008779946733 0.5926333333333333 1525313629.2827058
1 11.116609608971727 0.6560666666666667 1525313629.6003284
2 11.54271129433571 0.5926333333333333 1525313629.631735
1 11.215562856226352 0.6560666666666667 1525313629.93934
2 11.258317983259111 0.5926333333333333 1525313630.011439
1 11.311059987751888 0.6560666666666667 1525313630.299399
2 10.989275014007973 0.5926333333333333 1525313630.3721175
1 11.52972606481933 0.6560666666666667 1525313630.6415923
2 10.723978077478673 0.5926333333333333 1525313630.7492037
1 11.452974355692001 0.6560666666666667 1525313630.987279
2 10.73052409799868 0.5926333333333333 1525313631.131228
1 11.554521597092089 0.6560666666666667 1525313631.3383617
2 10.69843486454047 0.5926333333333333 1525313631.4951606
1 11.33919719483554 0.6560666666666667 1525313631.698502
2 10.79517558737691 0.5926333333333333 1525313631.8607318
1 11.372018850170116 0.6560666666666667 1525313632.0440168
2 11.027315175211651 0.5926333333333333 1525313632.2180562
1 11.402315175910134 0.6560666666666667 1525313632.390148
2 11.179567372760857 0.5926333333333333 1525313632.5679214
1 11.53934673134116 0.6560666666666667 1525313632.7385697
2 11.270433461797303 0.5926333333333333 1525313632.9270697
1 11.400056875124681 0.6560666666666667 1525313633.0963972
2 11.176485097364498 0.5926333333333333 1525313633.2921257
1 11.339662587902817 0.6560666666666667 1525313633.4480865
2 11.228868520313636 0.5926333333333333 1525313633.6352556
1 11.384004629001033 0.6560666666666667 1525313633.79013
2 10.656297718465888 0.5926333333333333 1525313634.0510197
1 11.494768179012034 0.6560666666666667 1525313634.1393394
2 10.761072193758705 0.5926333333333333 1525313634.4104316
1 11.49701885040294 0.6560666666666667 1525313634.4926586
2 10.473321949082093 0.5926333333333333 1525313634.7816763
1 11.228830373340902 0.6560666666666667 1525313634.859027
2 10.765962635662344 0.5926333333333333 1525313635.16409
1 11.057527577611673 0.6560666666666667 1525313635.223804
2 10.655351673542249 0.5926333333333333 1525313635.5367973
1 11.167978322446304 0.6560666666666667 1525313635.5679445
2 10.949365651140676 0.5926333333333333 1525313635.8779035
1 11.207643544688164 0.6560666666666667 1525313635.930887
2 11.156862294593578 0.5926333333333333 1525313636.2394261
1 11.490373647753847 0.6560666666666667 1525313636.267657
2 11.22974590068636 0.5926333333333333 1525313636.6065223
1 11.488504446090216 0.6560666666666667 1525313636.6305473
1 11.62563518365032 0.6560666666666667 1525313636.9630785
2 11.029092824140733 0.5926333333333333 1525313636.9843056
1 11.437883413281083 0.6560666666666667 1525313637.3175623
2 11.108110463448082 0.5926333333333333 1525313637.33998
2 11.324838674300977 0.5926333333333333 1525313637.6655195
1 11.362207448784657 0.6560666666666667 1525313637.6879377
2 11.677919424470367 0.5926333333333333 1525313637.993777
1 11.4742374782902 0.6560666666666667 1525313638.0138564
2 11.654924429310354 0.5926333333333333 1525313638.349148
1 11.454957998273825 0.6560666666666667 1525313638.369956
1 11.578355825652107 0.6560666666666667 1525313638.7026148
2 11.097513234424433 0.5926333333333333 1525313638.7434812
1 11.501123464668403 0.6560666666666667 1525313639.0542753
2 10.761392628329606 0.5926333333333333 1525313639.1087458
1 11.575540579064823 0.6560666666666667 1525313639.4009783
2 10.854944264246047 0.5926333333333333 1525313639.4542463
1 11.458162343982911 0.6560666666666667 1525313639.7510045
2 11.219377553499077 0.5926333333333333 1525313639.8138018
1 11.33579448486827 0.6560666666666667 1525313640.1127257
2 11.14630321254266 0.5926333333333333 1525313640.1888423
1 11.318567311984614 0.6560666666666667 1525313640.4618444
2 11.145151173966283 0.5926333333333333 1525313640.5307205
1 11.178361928422683 0.6560666666666667 1525313640.8245394
2 11.279886281639131 0.5926333333333333 1525313640.8758795
1 11.330293691400989 0.6560666666666667 1525313641.1702514
2 11.466272390384733 0.5926333333333333 1525313641.2328587
1 11.374315297928293 0.6560666666666667 1525313641.5177922
2 11.380342519619207 0.5926333333333333 1525313641.585313
1 11.502847707835674 0.6560666666666667 1525313641.8679059
2 11.284776723542768 0.5926333333333333 1525313641.9412644
1 11.380678212979213 0.6560666666666667 1525313642.2235901
2 11.307207143506428 0.5926333333333333 1525313642.2923908
1 11.29992107171551 0.6560666666666667 1525313642.5831323
2 11.308923757279159 0.5926333333333333 1525313642.6489055
1 11.267923390991848 0.6560666666666667 1525313642.9323905
2 11.277711904193676 0.5926333333333333 1525313643.0033624
1 11.387636220804675 0.6560666666666667 1525313643.2793384
2 11.436121023141075 0.5926333333333333 1525313643.3412688
1 11.312120473593696 0.6560666666666667 1525313643.6431625
2 11.516061819188415 0.5926333333333333 1525313643.6911776
1 11.410409963522875 0.6560666666666667 1525313643.9866078
2 11.524339712270242 0.5926333333333333 1525313644.0445704
1 11.322366750468259 0.6560666666666667 1525313644.3369884
2 11.37171367438829 0.5926333333333333 1525313644.3964822
1 11.376581228108295 0.6560666666666667 1525313644.6966386
2 11.182466542688138 0.5926333333333333 1525313644.7621474
1 11.350572622102819 0.6560666666666667 1525313645.04264
2 11.235307729310003 0.5926333333333333 1525313645.1129036
1 11.419282949379248 0.6560666666666667 1525313645.3874667
2 11.341074025893725 0.5926333333333333 1525313645.4545405
1 11.623376882864864 0.6560666666666667 1525313645.7259622
2 11.231355702935453 0.5926333333333333 1525313645.8303337
1 11.668298757948534 0.6560666666666667 1525313646.0751035
2 11.34129527833554 0.5926333333333333 1525313646.1712487
1 11.679712332188544 0.6560666666666667 1525313646.4150143
2 11.055299794404403 0.5926333333333333 1525313646.540298
1 11.457750356677451 0.6560666666666667 1525313646.772789
2 11.31093028804461 0.5926333333333333 1525313646.8909009
1 11.365030324766465 0.6560666666666667 1525313647.127392
2 11.005769765015259 0.5926333333333333 1525313647.2630901
1 11.366060293030108 0.6560666666666667 1525313647.470917
2 11.119607961028088 0.5926333333333333 1525313647.6193051
1 11.3619633081592 0.6560666666666667 1525313647.8300612
2 11.096597707078974 0.5926333333333333 1525313647.9721727
1 11.404230153941054 0.6560666666666667 1525313648.1776142
2 10.988428151213435 0.5926333333333333 1525313648.3546753
1 11.368516958073746 0.6560666666666667 1525313648.5295339
2 11.12603954062991 0.5926333333333333 1525313648.7110667
1 11.426805532401065 0.6560666666666667 1525313648.8800702
2 11.101701772029886 0.5926333333333333 1525313649.0530488
1 11.401598012822866 0.6560666666666667 1525313649.2301824
2 11.4328022365138 0.5926333333333333 1525313649.4029918
1 11.432840383486527 0.6560666666666667 1525313649.5787132
2 11.18922618625541 0.5926333333333333 1525313649.771294
1 11.562021291930275 0.6560666666666667 1525313649.9184127
2 11.093057668009887 0.5926333333333333 1525313650.1372786
1 11.507776296712048 0.6560666666666667 1525313650.2736433
2 11.056436574191665 0.5926333333333333 1525313650.4884913
1 11.177530324417228 0.6560666666666667 1525313650.6509085
2 11.323473012677347 0.5926333333333333 1525313650.8318439
1 11.06820872997532 0.6560666666666667 1525313651.0041592
2 11.700319326855839 0.5926333333333333 1525313651.1603518
1 11.044168507762565 0.6560666666666667 1525313651.3595426
2 11.719789541735862 0.5926333333333333 1525313651.5135949
1 11.21311382057726 0.6560666666666667 1525313651.7198684
2 11.524744070181145 0.5926333333333333 1525313651.872217
1 11.235345876282723 0.6560666666666667 1525313652.0727234
2 11.169328725280854 0.5926333333333333 1525313652.234708
1 11.440347707719258 0.6560666666666667 1525313652.4081047
1 11.548608816319357 0.6560666666666667 1525313652.7621698
