1 4 1525310744.0023823
2 4 1525310744.227777
1 10.905893361020643 0.99 1525310745.1239188
1 11.467012441655646 0.99 1525310745.3708496
2 9.594224962581364 0.99 1525310745.4982505
1 12.030588187334294 0.91 1525310745.6224074
2 10.389780078809299 0.99 1525310745.7361457
1 11.959978140816057 0.91 1525310745.882669
2 11.24744609603183 0.99 1525310746.0011575
1 11.840761221648686 0.91 1525310746.1381469
2 12.124589957528915 0.91 1525310746.2589984
1 11.599939382821216 0.91 1525310746.4025846
2 11.266870534544566 0.91 1525310746.5633607
1 11.528535879270239 0.91 1525310746.664681
2 11.256319081888197 0.91 1525310746.8019814
1 11.474878347432018 0.91 1525310746.92327
2 11.141199147591745 0.91 1525310747.0761464
1 11.423227346359248 0.91 1525310747.1869853
2 10.832696949751481 0.91 1525310747.3638227
1 11.5036411648684 0.91 1525310747.4463952
2 11.158426320475398 0.91 1525310747.6388452
1 11.44619182394109 0.91 1525310747.7104597
2 10.677652393798626 0.91 1525310747.926784
1 11.40297893323559 0.91 1525310747.9808204
2 10.732011829935043 0.91 1525310748.1953309
1 11.444505727746533 0.91 1525310748.2376535
2 10.894289051916987 0.91 1525310748.466028
1 11.391565358995582 0.91 1525310748.4992173
2 11.01395610536255 0.91 1525310748.7311175
1 11.403863943002865 0.91 1525310748.7598362
2 11.34639171389191 0.91 1525310748.984267
1 11.518533743021145 0.91 1525310749.0169163
2 11.159509694500851 0.91 1525310749.2698474
1 11.478815115017472 0.91 1525310749.2898371
1 11.524431265004784 0.91 1525310749.5435016
2 11.031442677660744 0.91 1525310749.5638387
1 11.497018850402949 0.91 1525310749.8061376
2 10.737039600940493 0.91 1525310749.847877
1 11.444337881066538 0.91 1525310750.065646
2 10.63447765006587 0.91 1525310750.1115756
1 11.51740459262841 0.91 1525310750.3246062
2 10.639780079274969 0.91 1525310750.397219
1 11.523874319202973 0.91 1525310750.5817611
2 10.704767262013203 0.91 1525310750.6721635
1 11.542871511621168 0.91 1525310750.8429248
2 11.053926503386219 0.91 1525310750.933133
1 11.577310598599375 0.91 1525310751.1026108
2 10.726038014005944 0.91 1525310751.2320173
1 11.626016653377599 0.91 1525310751.359463
2 10.738786732291404 0.91 1525310751.514668
1 11.601930654797581 0.91 1525310751.6196399
2 10.540422474109421 0.91 1525310751.8106005
1 11.587648428208478 0.91 1525310751.8828032
2 10.61935619007676 0.91 1525310752.061441
1 11.601396597179399 0.91 1525310752.1375132
2 10.925531422580656 0.91 1525310752.3322818
1 11.571817434526642 0.91 1525310752.3931744
2 10.886659657371528 0.91 1525310752.6184583
1 11.609437979030305 0.91 1525310752.6529279
2 11.023103749422557 0.91 1525310752.9002368
1 11.674821890284912 0.91 1525310752.920775
1 11.48207286648838 0.91 1525310753.1813362
2 10.551485096200345 0.91 1525310753.2013326
1 11.405321157361053 0.91 1525310753.445074
2 10.573709522511272 0.91 1525310753.4683073
1 11.369920766670113 0.91 1525310753.706242
2 10.822107350122392 0.91 1525310753.7279384
1 11.350328481477368 0.91 1525310753.9640524
2 11.123697316504451 0.91 1525310753.984036
1 11.43684581562289 0.91 1525310754.2343137
2 11.244676625811824 0.91 1525310754.274965
1 11.334245717775532 0.91 1525310754.5047174
2 10.937448536860664 0.91 1525310754.5610745
1 11.348497426786462 0.91 1525310754.7628598
2 10.684694324964084 0.91 1525310754.851038
1 11.340906179213725 0.91 1525310755.02226
2 10.256082568794643 0.91 1525310755.1480632
1 11.306573903759155 0.91 1525310755.296624
2 10.38419536200203 0.91 1525310755.4213731
1 11.384576833591941 0.91 1525310755.5602226
2 10.688104664325905 0.91 1525310755.6837997
1 11.390337026473762 0.91 1525310755.819927
2 10.724885975429581 0.91 1525310755.9702325
1 11.338037526864637 0.91 1525310756.08182
2 10.835504566944211 0.91 1525310756.2558959
1 11.499002492984769 0.91 1525310756.3381414
2 10.686822926042272 0.91 1525310756.545958
1 11.557878530692083 0.91 1525310756.5984364
2 10.60465434678766 0.91 1525310756.8168736
1 11.563364065370273 0.91 1525310756.8590665
1 11.621370352099406 0.91 1525310757.1160579
2 10.476007495962097 0.91 1525310757.13825
1 11.53257182898479 0.91 1525310757.3791509
2 10.625719105127681 0.91 1525310757.403929
1 11.540475881733892 0.91 1525310757.6405692
2 10.826364552278754 0.91 1525310757.6603036
1 11.478990591092021 0.91 1525310757.8984282
2 10.859445607027867 0.91 1525310757.9202027
1 11.52369884312842 0.91 1525310758.1566575
2 10.700151478313199 0.91 1525310758.2346125
1 11.545709646392075 0.91 1525310758.4169722
2 10.252702747011 0.91 1525310758.5577605
1 11.45093730734836 0.91 1525310758.683858
2 9.954782519405311 0.928 1525310758.8586643
1 11.461267507562912 0.91 1525310758.952359
2 9.802095446367002 0.9424 1525310759.145265
1 11.394067800406498 0.91 1525310759.2095356
2 10.380029712580209 0.9424 1525310759.3905613
1 11.348360097684633 0.91 1525310759.4760756
2 10.690713917260455 0.9424 1525310759.6811736
1 11.403932607553779 0.91 1525310759.740871
2 11.211885488055438 0.9424 1525310759.9335506
1 11.434663808782888 0.91 1525310759.994023
2 11.217920339140896 0.9424 1525310760.2155561
1 11.427911794610154 0.91 1525310760.2586923
2 11.236246144839086 0.9424 1525310760.4588702
1 11.45953563500109 0.91 1525310760.5236804
2 11.355035817911913 0.9424 1525310760.7354324
1 11.46341899682473 0.91 1525310760.784055
2 10.901384388844265 0.9424 1525310761.0336013
1 11.415727651521058 0.91 1525310761.0561264
1 11.45405772971745 0.91 1525310761.305136
2 10.865350758406063 0.9424 1525310761.3256354
1 11.502702749339308 0.91 1525310761.5627172
2 10.386415515814752 0.9424 1525310761.613739
1 11.58705333543393 0.91 1525310761.819414
2 10.372484241374735 0.9424 1525310761.8917928
1 11.685831106614016 0.91 1525310762.0746775
2 10.60812572130585 0.9424 1525310762.1626961
1 11.671709097310368 0.91 1525310762.3341904
2 10.583330189033095 0.9424 1525310762.4543417
1 11.713800467017673 0.91 1525310762.5891294
2 10.683183704844087 0.9424 1525310762.7374525
1 11.591806448235745 0.91 1525310762.8568604
2 10.94634441090067 0.9424 1525310762.9897273
1 11.394372976188315 0.91 1525310763.126188
2 10.675279652094996 0.9424 1525310763.2863042
1 11.330583608393718 0.91 1525310763.3945155
2 10.98380473811889 0.9424 1525310763.5470207
1 11.2922153832246 0.91 1525310763.6500916
2 11.385423696386484 0.9424 1525310763.7911642
1 11.359231984911919 0.91 1525310763.9101918
2 10.986070668298892 0.9424 1525310764.0798872
1 11.49128154570476 0.91 1525310764.1754582
2 11.040735280217115 0.9424 1525310764.3717222
1 11.547449148348447 0.91 1525310764.4337027
2 11.158426320475389 0.9424 1525310764.622452
1 11.499368703922949 0.91 1525310764.6953185
2 11.002557789911624 0.9424 1525310764.8832183
1 11.505838430497494 0.91 1525310764.9519444
2 11.296396291435506 0.9424 1525310765.1424544
1 11.480127370879297 0.91 1525310765.220286
2 11.658601797481253 0.9424 1525310765.400682
1 11.50744060335204 0.91 1525310765.4765494
2 11.15692332974993 0.9424 1525310765.696936
1 11.557848013113897 0.91 1525310765.7381992
2 11.422525442061062 0.9424 1525310765.9351306
1 11.502199209299317 0.91 1525310765.9991102
2 11.041627919378932 0.9424 1525310766.2296662
1 11.547708547762989 0.91 1525310766.2541323
1 11.562547720153912 0.91 1525310766.513013
2 10.656473194540434 0.9424 1525310766.5338976
2 11.163438832691766 0.9424 1525310766.7721252
1 11.530107534546609 0.91 1525310766.7932734
1 11.524423635610233 0.91 1525310767.0378072
2 10.3082676274856 0.9424 1525310767.0980537
1 11.550493276772078 0.91 1525310767.2947147
2 10.897546803387899 0.9424 1525310767.330967
1 11.523370779162967 0.91 1525310767.5572915
2 11.266313588742749 0.9424 1525310767.5913734
1 11.55770305461754 0.91 1525310767.8128335
2 10.88897136391881 0.9424 1525310767.8724198
1 11.561304128842995 0.91 1525310768.080501
2 11.293787038500955 0.9424 1525310768.1591797
1 11.455919301986551 0.91 1525310768.342071
2 10.677988087158635 0.9424 1525310768.4559774
1 11.468400991462916 0.91 1525310768.6008074
2 10.405252490947493 0.9424 1525310768.745084
1 11.41164592543924 0.91 1525310768.8632927
2 10.4487018928839 0.9424 1525310769.0215282
1 11.51326946078478 0.91 1525310769.11983
2 10.941537892337024 0.9424 1525310769.2555299
1 11.589906728993926 0.91 1525310769.380103
2 11.1054630635408 0.9424 1525310769.5354846
1 11.581087148899378 0.91 1525310769.6378973
2 11.681734121743101 0.9424 1525310769.7736404
1 11.592599905268473 0.91 1525310769.8984559
2 11.586648977523017 0.9424 1525310770.0570693
1 11.451944387428366 0.91 1525310770.1643038
2 11.121538197848093 0.9424 1525310770.3345523
1 11.48923686796658 0.91 1525310770.4229307
2 11.322107351053706 0.9424 1525310770.5943356
1 11.474794424092021 0.91 1525310770.68331
2 11.202669179444515 0.9424 1525310770.8457222
1 11.515237844577507 0.91 1525310770.9416227
2 11.38669017588104 0.9424 1525310771.1110933
1 11.571397817826645 0.91 1525310771.2009284
2 11.461694753657467 0.9424 1525310771.3816955
1 11.517221487159322 0.91 1525310771.4626782
2 11.508249319173867 0.9424 1525310771.6371295
1 11.511728323086597 0.91 1525310771.7322176
2 11.172784841009946 0.9424 1525310771.9183877
1 11.381090200284664 0.91 1525310771.9940255
2 11.144395863906295 0.9424 1525310772.1894314
1 11.314378774379156 0.91 1525310772.2625937
2 11.016786610738905 0.9424 1525310772.4715333
1 11.3584385278792 0.91 1525310772.5205147
2 11.170038258973584 0.9424 1525310772.7116969
1 11.385171926366493 0.91 1525310772.7791955
2 11.130846059193551 0.9424 1525310772.996526
1 11.526437795770248 0.91 1525310773.0395546
2 11.337976491708266 0.9424 1525310773.2484374
1 11.58428386521392 0.91 1525310773.2997875
2 11.520898855330234 0.9424 1525310773.51447
1 11.544290579006622 0.91 1525310773.5593295
1 11.484010732702927 0.91 1525310773.8243256
2 10.711153065247748 0.9424 1525310773.8464832
1 11.413347280422876 0.91 1525310774.0880146
2 10.569322620647629 0.9424 1525310774.132091
1 11.38717845713194 0.91 1525310774.3540013
2 10.65833476680953 0.9424 1525310774.3752356
1 11.396295583613771 0.91 1525310774.6121335
2 10.48504069910393 0.9424 1525310774.6583908
1 11.529199636595692 0.91 1525310774.8654363
2 10.739252125358679 0.9424 1525310774.9489808
1 11.594286001463026 0.91 1525310775.1213286
2 11.042100941840754 0.9424 1525310775.2175255
1 11.653062857041249 0.91 1525310775.3830569
2 10.993066823097072 0.9424 1525310775.463749
1 11.679903067052193 0.91 1525310775.6403444
2 10.8376331680224 0.9424 1525310775.7669756
1 11.605905569355755 0.91 1525310775.900269
2 11.08311656691715 0.9424 1525310776.0315664
1 11.596330679201213 0.91 1525310776.159319
2 10.880945240856985 0.9424 1525310776.3208308
1 11.585145986797567 0.91 1525310776.4201634
2 10.603288685164026 0.9424 1525310776.5955832
1 11.582643545386656 0.91 1525310776.6749594
2 10.696664845005916 0.9424 1525310776.887804
1 11.552736318768446 0.91 1525310776.9378512
2 10.35791209779291 0.9424 1525310777.1918414
1 11.532060659550249 0.91 1525310777.2134418
1 11.47564891628111 0.91 1525310777.4624588
2 10.304666553260137 0.9424 1525310777.4861724
1 11.331476247555534 0.91 1525310777.739771
2 10.15555003686911 0.9424 1525310777.7765975
1 11.298883474057327 0.91 1525310777.9995
2 10.178171191696396 0.9424 1525310778.0644176
1 11.24750713118819 0.91 1525310778.264031
2 10.707979237116831 0.9424 1525310778.313024
1 11.371202504953745 0.91 1525310778.5183177
2 10.753801380756869 0.9424 1525310778.6013355
1 11.434251821477439 0.91 1525310778.7830944
2 11.120256459564455 0.9424 1525310778.8558073
1 11.487131155072033 0.91 1525310779.0440564
2 11.045434987257122 0.9424 1525310779.1512902
1 11.565782583441187 0.91 1525310779.3035545
2 10.551340137703981 0.9424 1525310779.4506772
1 11.474893606221102 0.91 1525310779.5661938
2 10.764383350991436 0.9424 1525310779.7184036
1 11.424257314622883 0.91 1525310779.8334928
2 10.555246387711259 0.9424 1525310779.9928126
1 11.417291677402877 0.91 1525310780.0958462
2 11.046724354935304 0.9424 1525310780.2376375
1 11.41112712661014 0.91 1525310780.3562882
2 11.363168752497375 0.9424 1525310780.5042207
1 11.414560354155597 0.91 1525310780.621217
2 11.41805461685742 0.9424 1525310780.7690358
1 11.537477529677526 0.91 1525310780.8757591
2 11.518365896341146 0.9424 1525310781.0381749
1 11.539331472552073 0.91 1525310781.1405165
2 11.281183278711856 0.9424 1525310781.3011174
1 11.462373769772002 0.91 1525310781.4038603
2 11.281694448146398 0.9424 1525310781.5677893
1 11.5137272244575 0.91 1525310781.6586955
2 11.318193471651881 0.9424 1525310781.8266037
1 11.524812734732055 0.91 1525310781.9169981
2 11.409845388326511 0.9424 1525310782.0891435
1 11.573976553183014 0.91 1525310782.1730661
2 11.356012380413741 0.9424 1525310782.3582819
1 11.634691274975783 0.91 1525310782.437212
2 11.330209768060984 0.9424 1525310782.6268816
1 11.523408926135698 0.91 1525310782.6987557
2 11.442102468464723 0.9424 1525310782.8756816
1 11.539346731341157 0.91 1525310782.9620535
2 10.920679127649736 0.9424 1525310783.1873
1 11.45807842064291 0.91 1525310783.2201881
1 11.399385488404679 0.91 1525310783.4860528
2 10.639879261404051 0.9424 1525310783.5094833
2 10.648325001165876 0.9424 1525310783.7557662
2 6 frame freq 1525310783.757348
1 11.44067577168471 0.91 1525310784.0048573
1 6 frame freq 1525310784.0066457
2 13.400163690373606 0.8624 1525310784.079953
1 14.646860164863732 0.83 1525310784.3023324
2 17.690403077174732 0.7824 1525310784.434425
1 19.047306155874026 0.75 1525310784.6365757
2 17.182026001032483 0.7024 1525310784.7789087
1 17.987812135345894 0.67 1525310784.9706845
2 17.109821411054245 0.6224 1525310785.1333373
1 17.055103393374214 0.59 1525310785.3369331
2 16.62477502343203 0.5424 1525310785.5007682
1 15.48789410197716 0.51 1525310785.747009
2 15.918863341061149 0.4624 1525310785.889581
1 14.2089024003761 0.43 1525310786.1842256
2 14.075136225810525 0.3824 1525310786.3529508
1 11.957216299990602 0.43 1525310786.7494855
2 12.40646556840552 0.3024 1525310786.8578887
1 10.799470936506005 0.43 1525310787.2929654
2 11.218103444609989 0.3024 1525310787.4268937
1 11.039552724062563 0.43 1525310787.8351717
2 9.454439195719436 0.4419 1525310788.1281471
1 11.15095714321538 0.43 1525310788.3702388
2 9.892465624757985 0.5535 1525310788.6381388
1 10.813730274911467 0.43 1525310788.9436903
2 13.068246880673334 0.4735 1525310789.042842
2 14.398172420259884 0.3935 1525310789.4773252
1 10.676820789793169 0.43 1525310789.501931
2 13.569627802017388 0.3135 1525310789.926162
1 10.84487346344604 0.43 1525310790.0516214
2 10.962770497357045 0.3135 1525310790.567431
1 10.819543873555114 0.43 1525310790.6031528
1 11.132013356559002 0.43 1525310791.1291966
2 9.345132860066622 0.4508 1525310791.211227
2 11.036012684993466 0.4508 1525310791.6517348
1 11.052087819300752 0.43 1525310791.6875803
2 13.88817791247401 0.3708 1525310792.0757968
1 10.654047047074968 0.43 1525310792.2559385
2 12.548753776678353 0.2908 1525310792.6074274
1 10.370119129065644 0.43 1525310792.8495364
2 10.644678150573148 0.2908 1525310793.2060935
1 10.640710865409511 0.43 1525310793.3854954
2 9.728220018983299 0.4326333333333333 1525310793.8436286
1 11.2432957053991 0.43 1525310793.9139369
2 10.991708790867982 0.4326333333333333 1525310794.2981913
1 11.062921559555308 0.43 1525310794.4707105
2 13.451517145059112 0.35263333333333335 1525310794.7538478
1 11.009950673226177 0.43 1525310795.0025008
2 11.94670299430695 0.35263333333333335 1525310795.2997212
1 11.195421254626332 0.43 1525310795.5405169
2 11.130266225208102 0.35263333333333335 1525310795.813352
1 11.150049245264478 0.43 1525310796.077315
2 11.150323903468118 0.35263333333333335 1525310796.3738213
1 11.243822133622729 0.43 1525310796.6062984
2 11.306612050731877 0.35263333333333335 1525310796.8745894
1 11.241571462231818 0.43 1525310797.145888
2 11.338373220224632 0.35263333333333335 1525310797.4321775
1 10.788217579551448 0.43 1525310797.7231965
2 10.322793994700154 0.35263333333333335 1525310798.037506
1 10.473131214218464 0.43 1525310798.293864
2 9.70024302918509 0.4821 1525310798.6693213
1 11.016252553120726 0.43 1525310798.8076203
2 11.4151630763247 0.4821 1525310799.0859518
1 11.41056255141378 0.43 1525310799.346993
2 14.225900691423389 0.4021 1525310799.5152955
1 11.385744130957404 0.43 1525310799.8672104
2 13.532564203315534 0.3221 1525310799.9756577
1 11.181146657431775 0.43 1525310800.4167323
2 11.219789540804532 0.3221 1525310800.586464
1 10.932428395249753 0.43 1525310800.9638765
2 10.270616565403754 0.3221 1525310801.1719458
1 10.861940419044243 0.43 1525310801.5211427
2 10.485910450082114 0.3221 1525310801.7312312
1 10.736856495471413 0.43 1525310802.0793152
2 10.601846729594936 0.3221 1525310802.2749317
1 11.05808452341349 0.43 1525310802.6063957
2 10.132303271689091 0.3221 1525310802.9141948
1 10.909746205266098 0.43 1525310803.1790447
2 9.931993517898016 0.45766666666666667 1525310803.4814422
1 10.665437733131343 0.43 1525310803.731131
2 12.028093375317928 0.37766666666666665 1525310803.9084008
1 11.001192128287988 0.43 1525310804.26965
2 13.013834038775105 0.2976666666666667 1525310804.407093
1 10.793825184542357 0.43 1525310804.8426049
2 10.330080066491066 0.2976666666666667 1525310805.0703406
1 10.828569447302392 0.43 1525310805.3760788
2 9.263544114797462 0.4381333333333333 1525310805.7010145
1 10.702943836716829 0.43 1525310805.9638436
2 11.102541005429886 0.4381333333333333 1525310806.153133
1 10.897134816082445 0.43 1525310806.4777634
2 12.422082939040079 0.35813333333333336 1525310806.665807
1 11.08001140333715 0.43 1525310807.048898
2 11.233812367979091 0.35813333333333336 1525310807.219255
1 11.001382863151624 0.43 1525310807.567979
2 10.850442921464229 0.35813333333333336 1525310807.771401
1 10.826822315951475 0.43 1525310808.1576836
2 10.975435292302508 0.35813333333333336 1525310808.31543
1 10.346254382927446 0.43 1525310808.7289429
2 11.207284963144529 0.35813333333333336 1525310808.843616
1 10.818849598651468 0.43 1525310809.2669866
2 11.262018239613665 0.35813333333333336 1525310809.3812487
1 11.37441448005739 0.43 1525310809.7837303
2 11.539720571673891 0.35813333333333336 1525310809.8824751
1 11.065317189442583 0.43 1525310810.3499517
2 11.54241374794844 0.35813333333333336 1525310810.4203224
1 10.741022144893224 0.43 1525310810.8993902
2 10.777307545351439 0.35813333333333336 1525310810.9959712
1 10.964975392380692 0.43 1525310811.442675
2 10.567010914100354 0.35813333333333336 1525310811.5553825
1 11.091753041542615 0.43 1525310811.9833958
2 10.867822682238781 0.35813333333333336 1525310812.0992491
1 11.006914174197085 0.43 1525310812.5338717
2 11.110773122144439 0.35813333333333336 1525310812.6635544
1 10.9773807879116 0.43 1525310813.0793853
2 10.685709034438634 0.35813333333333336 1525310813.223778
1 11.121744191500817 0.43 1525310813.612705
2 10.269945178683752 0.35813333333333336 1525310813.8026004
1 10.970056569147957 0.43 1525310814.1692991
2 11.357629812057377 0.35813333333333336 1525310814.2805262
1 10.607126270620396 0.43 1525310814.7479942
2 11.647584951757615 0.35813333333333336 1525310814.834682
1 10.614786182744027 0.43 1525310815.2989955
2 11.496034658506574 0.35813333333333336 1525310815.3231819
1 10.713068043278659 0.43 1525310815.865997
2 11.296525991142778 0.35813333333333336 1525310815.897422
2 10.926866566626115 0.35813333333333336 1525310816.4240887
1 10.589281116778556 0.43 1525310816.4445894
1 10.795885121069633 0.43 1525310816.9777412
2 11.083665883324427 0.35813333333333336 1525310817.0006473
1 11.245996511068192 0.43 1525310817.5070305
2 10.783395802198712 0.35813333333333336 1525310817.5346646
1 11.111711537673541 0.43 1525310818.057962
2 11.078577077162592 0.35813333333333336 1525310818.0798216
2 10.928232228249747 0.35813333333333336 1525310818.6361952
1 10.54860881445671 0.43 1525310818.657
1 10.7400608411805 0.43 1525310819.1721985
2 10.482683216189384 0.35813333333333336 1525310819.2050335
1 11.113763844806263 0.43 1525310819.7167244
2 10.549951587896702 0.35813333333333336 1525310819.7699015
1 10.707239185845928 0.43 1525310820.2978356
2 10.531183277314877 0.35813333333333336 1525310820.3448827
1 10.580911670962191 0.43 1525310820.8595448
2 10.941301381106124 0.35813333333333336 1525310820.8812773
2 11.920991934688747 0.35813333333333336 1525310821.393849
1 10.815538441418743 0.43 1525310821.4149694
2 11.3417759301919 0.35813333333333336 1525310821.9252295
1 10.830026661660577 0.43 1525310821.9655983
2 11.208787953869972 0.35813333333333336 1525310822.4493687
1 10.395280872276583 0.43 1525310822.5600615
2 11.334856069339175 0.35813333333333336 1525310823.0167782
1 10.446970020322071 0.43 1525310823.1185672
2 10.749635731335058 0.35813333333333336 1525310823.5396063
1 10.675661121822268 0.43 1525310823.6885555
1 10.724550282069583 0.43 1525310823.7171378
1 4 frame freq 1525310823.7186332
2 11.391672170519227 0.35813333333333336 1525310824.035553
2 11.67607311099037 0.35813333333333336 1525310824.072146
2 4 frame freq 1525310824.0735915
1 10.629983936678588 0.43 1525310824.2390556
2 10.524713550740328 0.35813333333333336 1525310824.681053
1 7.647606863915189 0.544 1525310824.7458503
1 8.384050399780373 0.6352 1525310825.1517258
2 7.433758749503197 0.4865 1525310825.202943
1 9.464624437437626 0.7081333333333333 1525310825.5058825
2 7.87646581209538 0.5892 1525310825.5955622
1 11.034112965751657 0.7081333333333333 1525310825.8340406
2 9.572176012344983 0.6713333333333333 1525310825.932694
1 11.659883535764896 0.7081333333333333 1525310826.1774054
2 11.113519704180815 0.6713333333333333 1525310826.2806244
1 11.964525259965155 0.7081333333333333 1525310826.5092394
2 11.581880605932112 0.6713333333333333 1525310826.630258
1 12.057519950079772 0.6281333333333333 1525310826.8309128
2 11.732774771252226 0.6713333333333333 1525310826.9566329
1 11.746912039344972 0.6281333333333333 1525310827.1987338
2 11.792558706910464 0.6713333333333333 1525310827.298042
1 11.401208913701044 0.6281333333333333 1525310827.5604534
2 12.138429679234388 0.5913333333333334 1525310827.6186042
1 10.96023753836795 0.6281333333333333 1525310827.9230833
2 11.645952261324892 0.5913333333333334 1525310827.9878771
1 10.9643574114225 0.6281333333333333 1525310828.2944422
2 11.882173575241445 0.5913333333333334 1525310828.3172288
1 10.934991871817022 0.6281333333333333 1525310828.6585855
2 11.545000112699352 0.5913333333333334 1525310828.6792817
1 10.842302357484222 0.6281333333333333 1525310829.0310314
2 11.481073415802932 0.5913333333333334 1525310829.05212
2 11.21333507301908 0.5913333333333334 1525310829.3817983
1 10.965990101855226 0.6281333333333333 1525310829.405903
2 11.309381520951879 0.5913333333333334 1525310829.72123
1 11.000726735220715 0.6281333333333333 1525310829.7528536
2 11.507707632161129 0.5913333333333334 1525310830.0738409
1 10.9869785662498 0.6281333333333333 1525310830.121954
2 11.554246938888452 0.5913333333333334 1525310830.4171922
1 10.891870533846076 0.6281333333333333 1525310830.492016
2 11.295953786551868 0.5913333333333334 1525310830.7850413
1 10.791017567349632 0.6281333333333333 1525310830.8610525
2 11.464151418701102 0.5913333333333334 1525310831.1197793
1 10.790231739711446 0.6281333333333333 1525310831.2363935
2 11.551553762613903 0.5913333333333334 1525310831.455614
1 10.694940601838642 0.6281333333333333 1525310831.6127899
2 11.480638540313839 0.5913333333333334 1525310831.8293216
1 10.713457142400479 0.6281333333333333 1525310831.984099
2 11.274194753308208 0.5913333333333334 1525310832.1852617
1 10.760614430085967 0.6281333333333333 1525310832.3493693
2 11.124795949318997 0.5913333333333334 1525310832.536292
1 10.997018849471615 0.6281333333333333 1525310832.7024739
2 11.356439626508282 0.5913333333333334 1525310832.8832867
1 11.040010487735294 0.6281333333333333 1525310833.0680547
2 11.468301809333823 0.5913333333333334 1525310833.2317667
1 11.155839955724483 0.6281333333333333 1525310833.4266424
2 11.178644216020864 0.5913333333333334 1525310833.6079628
1 11.025415455969824 0.6281333333333333 1525310833.790083
2 11.156541860022664 0.5913333333333334 1525310833.958953
1 11.1859684347845 0.6281333333333333 1525310834.1396642
2 11.080896413104414 0.5913333333333334 1525310834.3151548
1 11.22071269754453 0.6281333333333333 1525310834.4972236
2 11.220705068149988 0.5913333333333334 1525310834.6802044
1 11.24279979475365 0.6281333333333333 1525310834.8586168
2 11.133447682733554 0.5913333333333334 1525310835.0369747
1 11.093072926798973 0.6281333333333333 1525310835.2211442
2 11.446313894253807 0.5913333333333334 1525310835.362721
1 10.9589863176625 0.6281333333333333 1525310835.592447
2 11.584192312479379 0.5913333333333334 1525310835.7160695
1 10.998422658067986 0.6281333333333333 1525310835.9517674
2 11.414384878081064 0.5913333333333334 1525310836.0878701
1 11.026559865151643 0.6281333333333333 1525310836.3097277
2 11.269258535037306 0.5913333333333334 1525310836.4267151
1 11.138643300419007 0.6281333333333333 1525310836.6669335
2 11.243150746902728 0.5913333333333334 1525310836.7826648
1 10.995096242046161 0.6281333333333333 1525310837.0422313
2 11.433816945988346 0.5913333333333334 1525310837.1394703
1 11.012712514051639 0.6281333333333333 1525310837.4001577
2 11.270753896368205 0.5913333333333334 1525310837.4914331
1 10.944398915291575 0.6281333333333333 1525310837.763543
2 11.269159352908204 0.5913333333333334 1525310837.8450441
1 11.087816273957145 0.6281333333333333 1525310838.1257155
2 11.031198537035285 0.5913333333333334 1525310838.2272706
1 10.965936696093417 0.6281333333333333 1525310838.4940407
2 10.784784352005993 0.5913333333333334 1525310838.6059468
1 11.088663136751691 0.6281333333333333 1525310838.8459845
2 10.630304371249498 0.5913333333333334 1525310838.9742563
1 11.09823802690625 0.6281333333333333 1525310839.205489
2 10.824312245146027 0.5913333333333334 1525310839.335845
1 11.12178996786809 0.6281333333333333 1525310839.5743592
2 11.206850087655427 0.5913333333333334 1525310839.6752534
1 11.026193654213467 0.6281333333333333 1525310839.9344902
2 11.188066518284508 0.5913333333333334 1525310840.0463808
1 11.011751210338904 0.6281333333333333 1525310840.2946918
2 11.081171071308052 0.5913333333333334 1525310840.416935
1 11.011415516978907 0.6281333333333333 1525310840.6642601
2 10.874994313111515 0.5913333333333334 1525310840.7800815
1 11.058877980446221 0.6281333333333333 1525310841.0199444
2 10.988626515471614 0.5913333333333334 1525310841.1386247
1 11.182031667199041 0.6281333333333333 1525310841.3681223
2 11.222169911902713 0.5913333333333334 1525310841.4867163
1 11.235803639955458 0.6281333333333333 1525310841.7307963
2 11.229608571584539 0.5913333333333334 1525310841.8484302
1 11.195039784899059 0.6281333333333333 1525310842.0922003
2 11.392152822375587 0.5913333333333334 1525310842.195487
1 11.047822987749846 0.6281333333333333 1525310842.4528065
2 11.360261953175565 0.5913333333333334 1525310842.5423176
1 10.83120158842057 0.6281333333333333 1525310842.8382745
2 11.345567739281 0.5913333333333334 1525310842.9038782
1 10.780298268013267 0.6281333333333333 1525310843.2053244
2 11.387285268655582 0.5913333333333334 1525310843.2479124
1 10.619554554334947 0.6281333333333333 1525310843.5872483
2 11.238885915351819 0.5913333333333334 1525310843.611171
2 11.521043813826603 0.5913333333333334 1525310843.948689
1 10.694330250275009 0.6281333333333333 1525310843.972856
2 11.439027822462892 0.5913333333333334 1525310844.2952137
1 10.617097889291303 0.6281333333333333 1525310844.3363452
2 11.470262563732009 0.5913333333333334 1525310844.6585243
1 10.633867298502237 0.6281333333333333 1525310844.711845
2 11.46671489526838 0.5913333333333334 1525310844.9925313
1 10.841722523498762 0.6281333333333333 1525310845.066888
2 11.429887807797428 0.5913333333333334 1525310845.3445084
1 10.979677235669792 0.6281333333333333 1525310845.4265683
2 11.474634206806558 0.5913333333333334 1525310845.7039776
1 11.109361684153532 0.6281333333333333 1525310845.7957602
2 11.211977040789987 0.5913333333333334 1525310846.062522
1 11.14118388880265 0.6281333333333333 1525310846.1439853
2 11.125955617289904 0.5913333333333334 1525310846.4235737
1 11.164766347342672 0.6281333333333333 1525310846.5019705
2 10.999742543324347 0.5913333333333334 1525310846.7939079
1 11.24051097639001 0.6281333333333333 1525310846.859833
2 11.089227711948068 0.5913333333333334 1525310847.1489606
1 10.969194447564332 0.6281333333333333 1525310847.2393422
2 11.19812206029542 0.5913333333333334 1525310847.4949596
1 10.869638478140606 0.6281333333333333 1525310847.6061184
2 11.122346913669912 0.5913333333333334 1525310847.872016
1 10.631677662267688 0.6281333333333333 1525310847.9888563
2 11.266504323606396 0.5913333333333334 1525310848.2107859
1 10.65142253535134 0.6281333333333333 1525310848.3677647
2 11.151170766262656 0.5913333333333334 1525310848.5717847
1 10.753595387104149 0.6281333333333333 1525310848.7208502
2 11.376497304768305 0.5913333333333334 1525310848.9266346
1 10.801721607896921 0.6281333333333333 1525310849.098858
2 11.287515676184587 0.5913333333333334 1525310849.2726748
1 10.965494191209771 0.6281333333333333 1525310849.4602435
2 11.327310598133714 0.5913333333333334 1525310849.6334364
1 10.950212513935218 0.6281333333333333 1525310849.8198292
2 11.295961415946412 0.5913333333333334 1525310849.9889948
1 11.262331044790027 0.6281333333333333 1525310850.1637242
2 11.269594228397308 0.5913333333333334 1525310850.337393
1 11.272264516488214 0.6281333333333333 1525310850.5233908
2 11.499483144841134 0.5913333333333334 1525310850.674666
1 11.257646596539116 0.6281333333333333 1525310850.8855646
2 11.380632436611934 0.5913333333333334 1525310851.0446029
1 11.133707082148105 0.6281333333333333 1525310851.2419856
2 11.222314870399082 0.5913333333333334 1525310851.4066057
1 11.155771291173576 0.6281333333333333 1525310851.600058
2 10.897981678876993 0.5913333333333334 1525310851.7745078
1 11.099336659720798 0.6281333333333333 1525310851.9662578
2 10.823030506862382 0.5913333333333334 1525310852.1555629
1 11.100900685602621 0.6281333333333333 1525310852.3236158
2 10.894121205236994 0.5913333333333334 1525310852.507952
1 11.081331288593503 0.6281333333333333 1525310852.6830447
2 11.31501964352097 0.5913333333333334 1525310852.8367848
1 11.132616078728091 0.6281333333333333 1525310853.041768
2 11.690927542170371 0.5913333333333334 1525310853.1814256
1 11.224245107219076 0.6281333333333333 1525310853.3949964
2 11.671052969379447 0.5913333333333334 1525310853.539249
1 10.938455616940669 0.6281333333333333 1525310853.7796285
2 11.39393810069922 0.5913333333333334 1525310853.8884501
1 10.948923146257034 0.6281333333333333 1525310854.1390436
2 11.098390614797166 0.5913333333333334 1525310854.2612746
1 10.922266041715195 0.6281333333333333 1525310854.4926467
2 11.298334157650059 0.5913333333333334 1525310854.6024423
1 11.123895680762635 0.6281333333333333 1525310854.8595004
2 11.34470561769737 0.5913333333333334 1525310854.9462101
1 10.975259816227961 0.6281333333333333 1525310855.2318609
2 11.500436819159312 0.5913333333333334 1525310855.3027475
1 10.935808217033383 0.6281333333333333 1525310855.5883136
2 10.997262990097083 0.5913333333333334 1525310855.6919193
1 10.967721974417051 0.6281333333333333 1525310855.9537315
2 10.926424061742479 0.5913333333333334 1525310856.0494747
1 11.254289662939112 0.6281333333333333 1525310856.2983973
2 10.968225514457059 0.5913333333333334 1525310856.3969393
1 11.224008595988169 0.6281333333333333 1525310856.6580431
2 11.032320058033468 0.5913333333333334 1525310856.7773778
1 11.147874867819025 0.6281333333333333 1525310857.0308096
2 10.923448597869736 0.5913333333333334 1525310857.145904
1 10.840593373106044 0.6281333333333333 1525310857.4068222
2 10.906854664733372 0.5913333333333334 1525310857.4970217
1 10.70815471319138 0.6281333333333333 1525310857.7781224
2 11.054010426726212 0.5913333333333334 1525310857.862714
1 10.851015126055142 0.6281333333333333 1525310858.1349144
2 11.079782521500782 0.5913333333333334 1525310858.2260275
1 10.975297963200692 0.6281333333333333 1525310858.500266
2 10.798852955547819 0.5913333333333334 1525310858.6097667
1 11.03022960392801 0.6281333333333333 1525310858.8651361
2 10.733339344585954 0.5913333333333334 1525310858.9809875
1 11.080019032731684 0.6281333333333333 1525310859.2175899
2 10.716882740551386 0.5913333333333334 1525310859.34573
1 11.054727589813485 0.6281333333333333 1525310859.584848
2 10.920251881555192 0.5913333333333334 1525310859.7100165
1 11.159524953289932 0.6281333333333333 1525310859.9422972
2 11.034654652764385 0.5913333333333334 1525310860.0686743
1 11.117456471766264 0.6281333333333333 1525310860.2980604
2 11.124391591408088 0.5913333333333334 1525310860.4244802
1 11.157968556802663 0.6281333333333333 1525310860.6594615
2 11.31889537595007 0.5913333333333334 1525310860.770725
1 11.143991505995379 0.6281333333333333 1525310861.0197685
2 11.271013295782764 0.5913333333333334 1525310861.1355586
1 11.243623769364548 0.6281333333333333 1525310861.3644001
2 11.26147655260093 0.5913333333333334 1525310861.4899852
1 11.240495717600918 0.6281333333333333 1525310861.7298107
2 11.194437062729968 0.5913333333333334 1525310861.8395083
1 11.296602285088234 0.6281333333333333 1525310862.0817568
2 11.447336233122897 0.5913333333333334 1525310862.1822772
1 11.081499135273505 0.6281333333333333 1525310862.4487722
2 11.53302959265752 0.5913333333333334 1525310862.532417
1 11.264230764031842 0.6281333333333333 1525310862.7921019
2 11.401979482550141 0.5913333333333334 1525310862.8916814
1 11.118944203702636 0.6281333333333333 1525310863.1602929
2 11.301507985780965 0.5913333333333334 1525310863.2444847
1 11.114404713948083 0.6281333333333333 1525310863.5309596
2 11.443124807333813 0.5913333333333334 1525310863.5842369
1 11.029527699629828 0.6281333333333333 1525310863.879754
