1 0.305020809173584
2 0.6067712306976318
3 0.8477375507354736
4 1.0806891918182373
5 1.300396203994751
6 1.5065481662750244
7 1.7174885272979736
8 1.8702726364135742
9 2.0502524375915527
10 2.1939504146575928
11 2.3487446308135986
12 2.4703590869903564
13 2.581753969192505
14 2.7064385414123535
15 2.8319671154022217
16 2.9720101356506348
17 3.097020387649536
18 3.2132248878479004
19 3.306802749633789
20 3.431518316268921
21 3.4854423999786377
22 3.6130988597869873
23 3.704645872116089
24 3.7603046894073486
25 3.8485052585601807
26 3.945601224899292
27 4.02129054069519
28 4.0806732177734375
29 4.149096727371216
30 4.234441757202148
31 4.291711091995239
32 4.351840257644653
33 4.432060718536377
34 4.547820091247559
35 4.637820482254028
36 4.718549013137817
37 4.782185077667236
38 4.848138809204102
39 4.928102254867554
40 5.02429723739624
41 5.099281549453735
42 5.144526958465576
43 5.221515417098999
44 5.280521631240845
45 5.350496053695679
46 5.417221546173096
47 5.486101388931274
48 5.5718724727630615
49 5.624427795410156
50 5.683928728103638
51 5.765756368637085
52 5.826128959655762
53 5.886994123458862
54 5.947747230529785
55 6.032438516616821
56 6.099239110946655
57 6.15760612487793
58 6.246175050735474
59 6.343607664108276
60 6.402829885482788
61 6.463070392608643
62 6.5566630363464355
63 6.6077375411987305
64 6.695427417755127
65 6.756576299667358
66 6.839683294296265
67 6.907178640365601
68 6.998192071914673
69 7.084689378738403
70 7.172386646270752
71 7.243777513504028
72 7.330052137374878
73 7.4422242641448975
74 7.510079860687256
75 7.602756977081299
76 7.689342021942139
77 7.781055927276611
78 7.870569944381714
79 7.984155893325806
80 8.055500507354736
81 8.143266677856445
82 8.201056241989136
83 8.310523509979248
84 8.40310263633728
85 8.47329068183899
86 8.555779218673706
87 8.62296724319458
88 8.73512578010559
89 8.804755687713623
90 8.88899040222168
91 8.984132051467896
92 9.068264245986938
93 9.1357262134552
94 9.221453189849854
95 9.307184219360352
96 9.393195629119873
97 9.493751287460327
98 9.554270029067993
99 9.632925510406494
100 9.703791618347168
101 9.784499645233154
102 9.85440707206726
103 9.914156436920166
104 10.001569032669067
105 10.05435299873352
106 10.152162790298462
107 10.203197479248047
108 10.289853811264038
109 10.361933708190918
110 10.450918197631836
111 10.53266167640686
112 10.591636657714844
113 10.659035444259644
114 10.748456239700317
115 10.810199499130249
116 10.896214962005615
117 10.98088264465332
118 11.073399543762207
119 11.164107322692871
120 11.262540817260742
121 11.339860677719116
122 11.413782119750977
123 11.504958391189575
124 11.561078310012817
125 11.652218341827393
126 11.74013376235962
127 11.824199914932251
128 11.89210844039917
129 12.014604091644287
130 12.107723712921143
131 12.192297458648682
132 12.278611421585083
133 12.368207216262817
134 12.428094625473022
135 12.524115324020386
136 12.60773491859436
137 12.696298837661743
138 12.791039228439331
139 12.892231464385986
140 12.942867755889893
141 13.03504204750061
142 13.096336841583252
143 13.152117252349854
144 13.242656230926514
145 13.330442190170288
146 13.420113801956177
147 13.48600172996521
148 13.56959867477417
149 13.630660772323608
150 13.727895736694336
151 13.783983707427979
152 13.87256121635437
153 13.955641031265259
154 14.022514820098877
155 14.114156723022461
156 14.197336673736572
157 14.256259441375732
158 14.353561878204346
159 14.443516492843628
160 14.531662225723267
161 14.594161033630371
162 14.65070629119873
163 14.742003679275513
164 14.797075986862183
165 14.86472749710083
166 14.944451808929443
167 15.009408473968506
168 15.100390911102295
169 15.187426567077637
170 15.315521478652954
171 15.400528907775879
172 15.460743188858032
173 15.523272275924683
174 15.616114139556885
175 15.698789358139038
176 15.781818628311157
177 15.843218564987183
178 15.907381296157837
179 15.996387004852295
180 16.087844610214233
181 16.15269684791565
182 16.2402241230011
183 16.300222873687744
184 16.39625096321106
185 16.47881245613098
186 16.53585171699524
187 16.623459100723267
188 16.685688734054565
189 16.77695107460022
190 16.866045236587524
191 16.956136226654053
192 17.029205560684204
193 17.13558077812195
194 17.194754123687744
195 17.255740880966187
196 17.32278800010681
197 17.381953477859497
198 17.497355222702026
199 17.578799962997437
200 17.64989137649536
201 17.740320205688477
202 17.838219165802002
203 17.92013645172119
204 18.01066756248474
205 18.070662021636963
206 18.134087324142456
207 18.224207878112793
208 18.339260578155518
209 18.401816606521606
210 18.52140498161316
211 18.618191957473755
212 18.70113968849182
213 18.792853593826294
214 18.856249809265137
215 18.941163539886475
216 18.999439477920532
217 19.112480401992798
218 19.21111035346985
219 19.32026481628418
220 19.420043230056763
221 19.503434658050537
222 19.573477745056152
223 19.660247564315796
224 19.74564003944397
225 19.811135053634644
226 19.89237141609192
227 19.965656995773315
228 20.047011613845825
229 20.137923002243042
230 20.207914352416992
231 20.292151927947998
232 20.37647294998169
233 20.446620225906372
234 20.527841091156006
235 20.622034788131714
236 20.675697088241577
237 20.771004915237427
238 20.862587690353394
239 20.94724202156067
240 21.038204669952393
241 21.104117155075073
242 21.192449808120728
243 21.252551794052124
244 21.313108682632446
245 21.37621283531189
246 21.460296869277954
247 21.545234203338623
248 21.661893367767334
249 21.730157136917114
250 21.788538455963135
251 21.872697591781616
252 21.948888540267944
253 22.02279043197632
254 22.094156503677368
255 22.157668828964233
256 22.23946523666382
257 22.301956176757812
258 22.38810896873474
259 22.482134342193604
260 22.620676279067993
261 22.696403980255127
262 22.7841534614563
263 22.844016313552856
264 22.927895545959473
265 23.013060808181763
266 23.080238103866577
267 23.16538953781128
268 23.256163597106934
269 23.350273370742798
270 23.445228815078735
271 23.53277015686035
272 23.614711046218872
273 23.702905416488647
274 23.821564197540283
275 23.91308903694153
276 23.98113512992859
277 24.044028520584106
278 24.132978916168213
279 24.224218130111694
280 24.313112020492554
281 24.371853828430176
282 24.45443367958069
283 24.524532794952393
284 24.605274438858032
285 24.66610550880432
286 24.763649940490723
287 24.849098920822144
288 24.94256901741028
289 25.001526594161987
290 25.09224843978882
291 25.154218435287476
292 25.241952896118164
293 25.325332164764404
294 25.42422604560852
295 25.53784155845642
296 25.65903353691101
297 25.785956859588623
298 25.84823489189148
299 25.93438148498535
300 26.021289110183716
301 26.084105968475342
302 26.162006616592407
303 26.201963901519775
304 26.290138483047485
305 26.37463665008545
306 26.494110107421875
307 26.59322500228882
308 26.738795042037964
309 26.85668706893921
310 26.982898712158203
311 27.12951397895813
312 27.24410343170166
313 27.338859796524048
314 27.496744394302368
315 27.632424116134644
316 27.73399543762207
317 27.87047815322876
318 27.999342918395996
319 28.08511257171631
320 28.204641103744507
321 28.332209587097168
322 28.445123195648193
323 28.5344398021698
324 28.62909746170044
325 28.749272346496582
326 28.869885683059692
327 28.98769474029541
328 29.110947132110596
329 29.221349716186523
330 29.32501721382141
331 29.44213581085205
332 29.58298635482788
333 29.704116106033325
334 29.799222469329834
335 29.92190957069397
336 30.05995011329651
337 30.18821406364441
338 30.301422834396362
339 30.39984130859375
340 30.51427125930786
341 30.61308193206787
342 30.702521800994873
343 30.86972427368164
344 30.990910530090332
345 31.118008852005005
346 31.272559642791748
347 31.394561052322388
348 31.503740549087524
349 31.628227472305298
350 31.753299713134766
351 31.844747304916382
352 31.980950355529785
353 32.100197315216064
354 32.19852423667908
355 32.32161903381348
356 32.44166278839111
357 32.56412696838379
358 32.68115973472595
359 32.80113697052002
360 32.91933345794678
361 33.03944396972656
362 33.12778449058533
363 33.25516080856323
364 33.39541721343994
365 33.4948832988739
366 33.60888648033142
367 33.76027965545654
368 33.883567094802856
369 34.02284502983093
370 34.141504526138306
371 34.304179668426514
372 34.39297842979431
373 34.50923299789429
374 34.62980365753174
375 34.72631096839905
376 34.844242811203
377 34.960689544677734
378 35.08243441581726
379 35.16854548454285
380 35.325247049331665
381 35.41174077987671
382 35.52899670600891
383 35.65308880805969
384 35.73947739601135
385 35.86859965324402
386 35.97747564315796
387 36.09323763847351
388 36.187050580978394
389 36.30805683135986
390 36.40419101715088
391 36.524484157562256
392 36.63927745819092
393 36.760897397994995
394 36.84953808784485
395 36.99591565132141
396 37.12301182746887
397 37.21457624435425
398 37.32831811904907
399 37.47929382324219
400 37.605544328689575
401 37.74271845817566
402 37.84172487258911
403 37.957693576812744
404 38.08967685699463
405 38.22143054008484
406 38.3532440662384
407 38.46801948547363
408 38.58985924720764
409 38.709563970565796
410 38.803693532943726
411 38.91279458999634
412 39.037944078445435
413 39.15986251831055
414 39.302311182022095
415 39.3959219455719
416 39.51365685462952
417 39.673896074295044
418 39.817251682281494
419 39.91442656517029
420 40.02881073951721
421 40.17278742790222
422 40.27078866958618
423 40.38140678405762
424 40.475473165512085
425 40.60710406303406
426 40.7414231300354
427 40.842763900756836
428 40.985960960388184
429 41.10450601577759
430 41.224661111831665
431 41.35107398033142
432 41.49396252632141
433 41.611520290374756
434 41.73546528816223
435 41.83268165588379
436 41.947707176208496
437 42.068339824676514
438 42.183411836624146
439 42.30859899520874
440 42.4251503944397
441 42.54030776023865
442 42.63394570350647
443 42.76436996459961
444 42.85408329963684
445 43.03182864189148
446 43.17573690414429
447 43.23807501792908
448 43.39136052131653
449 43.513323068618774
450 43.60024356842041
451 43.77396321296692
452 43.90031576156616
453 44.05123448371887
454 44.16048002243042
455 44.291924715042114
456 44.40834045410156
457 44.54978895187378
458 44.68519949913025
459 44.79197144508362
460 44.892837047576904
461 44.98083209991455
462 45.09672164916992
463 45.18961048126221
464 45.3307991027832
465 45.46824240684509
466 45.58456206321716
467 45.69412183761597
468 45.810535192489624
469 45.93269348144531
470 46.054341077804565
471 46.1474187374115
472 46.268693685531616
473 46.35967946052551
474 46.48463726043701
475 46.602803230285645
476 46.68818402290344
477 46.780097246170044
478 46.8944776058197
479 46.98879861831665
480 47.10810708999634
481 47.251975536346436
482 47.35259938240051
483 47.494303464889526
484 47.61369752883911
485 47.71673583984375
486 47.86604976654053
487 47.96979022026062
488 48.103939056396484
489 48.220651388168335
490 48.340099573135376
491 48.42816519737244
492 48.57819318771362
493 48.67601943016052
494 48.785635471343994
495 48.90282368659973
496 49.00007939338684
497 49.11682057380676
498 49.23992419242859
499 49.390737533569336
500 49.53222465515137
501 49.62805366516113
502 49.77480959892273
503 49.89628195762634
504 49.98825693130493
505 50.07903432846069
506 50.195924520492554
507 50.324509382247925
508 50.41556715965271
509 50.52566981315613
510 50.620224952697754
511 50.76124310493469
512 50.88759231567383
513 50.985382318496704
514 51.09105849266052
515 51.18967127799988
516 51.27831292152405
517 51.39998149871826
518 51.52233862876892
519 51.64349579811096
520 51.76309084892273
521 51.87907528877258
522 52.00222182273865
523 52.11860251426697
524 52.236613035202026
525 52.35336375236511
526 52.46915364265442
527 52.60084581375122
528 52.718047857284546
529 52.807254791259766
530 52.93082618713379
531 53.04184651374817
532 53.170177936553955
533 53.26515221595764
534 53.38118076324463
535 53.49065899848938
536 53.611971855163574
537 53.77447247505188
538 53.92235732078552
539 54.06691265106201
540 54.189462423324585
541 54.37064218521118
542 54.54542016983032
543 54.70076274871826
544 54.90760850906372
545 55.139437198638916
546 55.35542845726013
547 55.599064350128174
548 55.82990741729736
549 56.05121183395386
550 56.285271406173706
551 56.52475333213806
552 56.73610472679138
553 56.94050931930542
554 57.14991211891174
555 57.33940029144287
556 57.522332191467285
557 57.69963002204895
558 57.880202770233154
559 58.030954360961914
560 58.182456493377686
561 58.36302947998047
562 58.54112672805786
563 58.69137740135193
564 58.831252574920654
565 58.99614095687866
566 59.16913175582886
567 59.342252016067505
568 59.470895528793335
569 59.64521312713623
570 59.793931007385254
571 59.95233941078186
572 60.1214816570282
573 60.27637767791748
574 60.42653131484985
575 60.55121207237244
576 60.70172190666199
577 60.879435539245605
578 61.02136707305908
579 61.1881365776062
580 61.328721046447754
581 61.47145652770996
582 61.63154363632202
583 61.784815549850464
584 61.928956031799316
585 62.09977984428406
586 62.23800706863403
587 62.38022470474243
588 62.53050780296326
589 62.70263862609863
590 62.851420879364014
591 63.01559233665466
592 63.14922380447388
593 63.31572103500366
594 63.457027196884155
595 63.63947916030884
596 63.84877967834473
597 64.00286197662354
598 64.18099212646484
599 64.36836886405945
600 64.51254343986511
601 64.71245217323303
602 64.84162402153015
603 65.01241612434387
604 65.19642424583435
605 65.34779763221741
606 65.471919298172
607 65.63941645622253
608 65.82145762443542
609 65.98555970191956
610 66.13105058670044
611 66.27982211112976
612 66.42206835746765
613 66.58256387710571
614 66.70317435264587
615 66.8459062576294
616 67.00665354728699
617 67.15059280395508
618 67.26990580558777
619 67.42370963096619
620 67.56914949417114
621 67.69229340553284
622 67.83795833587646
623 67.98834347724915
624 68.11481618881226
625 68.2854425907135
626 68.43175077438354
627 68.55769801139832
628 68.70459342002869
629 68.82975602149963
630 68.95227837562561
631 69.10027980804443
632 69.25626277923584
633 69.39786791801453
634 69.54248905181885
635 69.6972587108612
636 69.82740187644958
637 69.9727566242218
638 70.09028244018555
639 70.21191263198853
640 70.35650515556335
641 70.48413681983948
642 70.6306824684143
643 70.774489402771
644 70.92745327949524
645 71.08226776123047
646 71.23300123214722
647 71.4075198173523
648 71.52992558479309
649 71.67994928359985
650 71.82321071624756
651 71.98263049125671
652 72.12755560874939
653 72.24931859970093
654 72.43245124816895
655 72.58618879318237
656 72.70007634162903
657 72.87097001075745
658 73.03199100494385
659 73.17032742500305
660 73.33049011230469
661 73.47692728042603
662 73.63718676567078
663 73.81473016738892
664 73.96017050743103
665 74.13824081420898
666 74.29145908355713
667 74.46337413787842
668 74.6196014881134
669 74.73361802101135
670 74.89056444168091
671 75.03777599334717
672 75.22407817840576
673 75.36666774749756
674 75.54628252983093
675 75.70631742477417
676 75.85006427764893
677 75.9962215423584
678 76.15263962745667
679 76.30563354492188
680 76.47658371925354
681 76.62374806404114
682 76.77775430679321
683 76.92579793930054
684 77.08217334747314
685 77.23324418067932
686 77.38980197906494
687 77.52921962738037
688 77.70849895477295
689 77.85498380661011
690 78.03337860107422
691 78.18490314483643
692 78.36250329017639
693 78.54372334480286
694 78.69549465179443
695 78.87201571464539
696 79.02150678634644
697 79.1804838180542
698 79.33105611801147
699 79.5137939453125
700 79.68687224388123
701 79.89380502700806
702 80.07702732086182
703 80.19076704978943
704 80.34823107719421
705 80.50420069694519
706 80.70764589309692
707 80.85743260383606
708 81.01599359512329
709 81.13459420204163
710 81.27759265899658
711 81.43307280540466
712 81.58275437355042
713 81.69793057441711
714 81.84558439254761
715 81.97297024726868
716 82.14772987365723
717 82.27201986312866
718 82.39380502700806
719 82.48005890846252
720 82.65272879600525
721 82.80399179458618
722 82.90327858924866
723 83.04018473625183
724 83.1679835319519
725 83.31558418273926
726 83.40313339233398
727 83.53026962280273
728 83.65139865875244
729 83.76200604438782
730 83.85301375389099
731 83.97372961044312
732 84.09853839874268
733 84.21806526184082
734 84.33421516418457
735 84.4328784942627
736 84.5723626613617
737 84.67289638519287
738 84.79034543037415
739 84.90425443649292
740 84.99743723869324
741 85.08890986442566
742 85.18073010444641
743 85.3244616985321
744 85.402272939682
745 85.53504729270935
746 85.60012316703796
747 85.68971276283264
748 85.77860116958618
749 85.87564659118652
750 85.99256634712219
751 86.10503387451172
752 86.19141983985901
753 86.288827419281
754 86.40968775749207
755 86.50190329551697
756 86.58919167518616
757 86.67788243293762
758 86.76934933662415
759 86.89000535011292
760 86.98117446899414
761 87.09406304359436
762 87.16419506072998
763 87.25255465507507
764 87.34104585647583
765 87.46312355995178
766 87.52446937561035
767 87.61368560791016
768 87.70424222946167
769 87.76382303237915
770 87.84497737884521
771 87.96355652809143
772 88.05987691879272
773 88.17806053161621
774 88.27582454681396
775 88.35881519317627
776 88.45276880264282
777 88.54556393623352
778 88.65901589393616
779 88.74673438072205
780 88.81092095375061
781 88.93041443824768
782 89.05469512939453
783 89.20799899101257
784 89.29174876213074
785 89.37714791297913
786 89.4656822681427
787 89.5832188129425
788 89.707195520401
789 89.80142426490784
790 89.94495105743408
791 90.03643298149109
792 90.15816068649292
793 90.27907419204712
794 90.40016603469849
795 90.51624178886414
796 90.64133501052856
797 90.73563361167908
798 90.8563597202301
799 90.96277403831482
800 91.05948233604431
801 91.14629316329956
802 91.2947416305542
803 91.42071485519409
804 91.53105139732361
805 91.65805983543396
806 91.74716138839722
807 91.87158870697021
808 91.96244955062866
809 92.11196660995483
810 92.23116493225098
811 92.37207341194153
812 92.4703299999237
813 92.58922791481018
814 92.7048351764679
815 92.80025577545166
816 92.91629219055176
817 93.06184411048889
818 93.18334102630615
819 93.30061554908752
820 93.40958452224731
821 93.5480444431305
822 93.66861057281494
823 93.7914559841156
824 93.91232299804688
825 94.00770378112793
826 94.09224534034729
827 94.21292519569397
828 94.29616212844849
829 94.42422556877136
830 94.52992677688599
831 94.65176749229431
832 94.75089955329895
833 94.84054350852966
834 94.964111328125
835 95.08413314819336
836 95.19630837440491
837 95.29235792160034
838 95.43235206604004
839 95.53269863128662
840 95.65401887893677
841 95.74374866485596
842 95.83227372169495
843 95.92153644561768
844 96.04001665115356
845 96.15891861915588
846 96.25042057037354
847 96.34151649475098
848 96.45410394668579
849 96.54814171791077
850 96.64664459228516
851 96.7576093673706
852 96.85066151618958
853 96.96823167800903
854 97.09228825569153
855 97.18254327774048
856 97.27297759056091
857 97.38808536529541
858 97.50822639465332
859 97.63222861289978
860 97.77251815795898
861 97.8732237815857
862 97.98639607429504
863 98.07590651512146
864 98.1711847782135
865 98.29066133499146
866 98.38059878349304
867 98.49367308616638
868 98.5898666381836
869 98.7396252155304
870 98.85815691947937
871 98.97770833969116
872 99.10213327407837
873 99.19169092178345
874 99.3143880367279
875 99.39123296737671
876 99.49197340011597
877 99.60811233520508
878 99.72074222564697
879 99.85174608230591
880 99.9395444393158
881 100.05425357818604
882 100.1485686302185
883 100.30142140388489
884 100.39678263664246
885 100.51021361351013
886 100.59668684005737
887 100.71941304206848
888 100.83955311775208
889 100.93233609199524
890 101.04912781715393
891 101.16812014579773
892 101.31057286262512
893 101.40035510063171
894 101.50023484230042
895 101.6176495552063
896 101.73543930053711
897 101.85980677604675
898 101.95120143890381
899 102.04153966903687
900 102.15793132781982
901 102.24960112571716
902 102.33901071548462
903 102.42704176902771
904 102.54447865486145
905 102.6665906906128
906 102.79567956924438
907 102.904705286026
908 103.05211877822876
909 103.15501618385315
910 103.26554918289185
911 103.35678744316101
912 103.44336867332458
913 103.57231998443604
914 103.7184431552887
915 103.83508491516113
916 103.98235034942627
917 104.10778570175171
