1 0.19283795356750488
2 0.39026832580566406
3 0.5749521255493164
4 0.7576472759246826
5 0.910433292388916
6 1.0554747581481934
7 1.2020998001098633
8 1.3305613994598389
9 1.4408595561981201
10 1.5656232833862305
11 1.715277910232544
12 1.8641602993011475
13 1.9790832996368408
14 2.1100151538848877
15 2.2249345779418945
16 2.3461902141571045
17 2.4303388595581055
18 2.551271915435791
19 2.6412417888641357
20 2.740351915359497
21 2.8230338096618652
22 2.9173905849456787
23 3.0073890686035156
24 3.1281723976135254
25 3.2261173725128174
26 3.3009750843048096
27 3.373900890350342
28 3.4774067401885986
29 3.5758635997772217
30 3.659578561782837
31 3.7495338916778564
32 3.819498300552368
33 3.908545970916748
34 4.019162178039551
35 4.082676887512207
36 4.155575513839722
37 4.238647699356079
38 4.32670259475708
39 4.393907308578491
40 4.504768371582031
41 4.621423721313477
42 4.691289186477661
43 4.783663749694824
44 4.848023414611816
45 4.9320969581604
46 5.014115810394287
47 5.110253095626831
48 5.20433235168457
49 5.2517454624176025
50 5.374603509902954
51 5.467957258224487
52 5.5618202686309814
53 5.646138429641724
54 5.708062171936035
55 5.794564247131348
56 5.858129978179932
57 5.942396640777588
58 6.0574421882629395
59 6.130812644958496
60 6.220333576202393
61 6.278218030929565
62 6.405935287475586
63 6.457088470458984
64 6.546095609664917
65 6.614524841308594
66 6.666003704071045
67 6.72892951965332
68 6.816170930862427
69 6.906531810760498
70 6.970142364501953
71 7.054291486740112
72 7.150097370147705
73 7.214431285858154
74 7.2685441970825195
75 7.3510119915008545
76 7.422827959060669
77 7.531748294830322
78 7.588858366012573
79 7.659056901931763
80 7.722195386886597
81 7.80635929107666
82 7.904057025909424
83 8.018442153930664
84 8.079082727432251
85 8.168328285217285
86 8.252610921859741
87 8.312732934951782
88 8.379939317703247
89 8.439205408096313
90 8.529387712478638
91 8.61817741394043
92 8.686406373977661
93 8.7782621383667
94 8.862147092819214
95 8.939021825790405
96 9.007447481155396
97 9.095090866088867
98 9.181854486465454
99 9.26922059059143
100 9.362709045410156
101 9.425573825836182
102 9.515314817428589
103 9.578436374664307
104 9.65734314918518
105 9.733140468597412
106 9.789560317993164
107 9.869038343429565
108 9.94014573097229
109 10.000123739242554
110 10.086450338363647
111 10.170925378799438
112 10.262176990509033
113 10.333997249603271
114 10.394347906112671
115 10.475927352905273
116 10.540022134780884
117 10.626182556152344
118 10.713559627532959
119 10.797452926635742
120 10.866524457931519
121 10.931721687316895
122 11.020072937011719
123 11.083074808120728
124 11.1659996509552
125 11.233524084091187
126 11.29343843460083
127 11.3734712600708
128 11.441579580307007
129 11.52619981765747
130 11.614932775497437
131 11.705872297286987
132 11.769284963607788
133 11.857090711593628
134 11.94040322303772
135 12.009923219680786
136 12.090418338775635
137 12.15253758430481
138 12.239911556243896
139 12.305796146392822
140 12.369895458221436
141 12.453670263290405
142 12.545738697052002
143 12.610636472702026
144 12.697196245193481
145 12.78499150276184
146 12.867677450180054
147 12.913707971572876
148 12.996281862258911
149 13.084092855453491
150 13.150917291641235
151 13.21395993232727
152 13.329243659973145
153 13.391701936721802
154 13.477333068847656
155 13.572974443435669
156 13.655605554580688
157 13.75347638130188
158 13.835342645645142
159 13.923726081848145
160 13.992451667785645
161 14.047387838363647
162 14.111365556716919
163 14.17012071609497
164 14.254495620727539
165 14.321707725524902
166 14.439490795135498
167 14.498469114303589
168 14.583087921142578
169 14.64617133140564
170 14.708279371261597
171 14.790952444076538
172 14.860960006713867
173 14.94745922088623
174 15.044416904449463
175 15.160727500915527
176 15.246443033218384
177 15.307254076004028
178 15.39978575706482
179 15.46024489402771
180 15.549366474151611
181 15.638428688049316
182 15.70228099822998
183 15.789397954940796
184 15.877436876296997
185 15.974716186523438
186 16.050137281417847
187 16.113433599472046
188 16.18635129928589
189 16.267708778381348
190 16.33811664581299
191 16.422407388687134
192 16.47107481956482
193 16.574127912521362
194 16.65437960624695
195 16.768010139465332
196 16.841429710388184
197 16.96466851234436
198 17.040122747421265
199 17.079275369644165
200 17.17034125328064
201 17.248674631118774
202 17.344621896743774
203 17.431485652923584
204 17.497783660888672
205 17.583916187286377
206 17.667468070983887
207 17.765462160110474
208 17.829998254776
209 17.922648429870605
210 17.98235511779785
211 18.03840398788452
212 18.129568338394165
213 18.187565326690674
214 18.279356002807617
215 18.375565767288208
216 18.45794367790222
217 18.523484468460083
218 18.581244707107544
219 18.664299488067627
220 18.728678226470947
221 18.820494651794434
222 18.902263641357422
223 18.968961715698242
224 19.09014320373535
225 19.151543617248535
226 19.231210231781006
227 19.302528619766235
228 19.4167959690094
229 19.479212522506714
230 19.542459726333618
231 19.626532316207886
232 19.714668035507202
233 19.782426595687866
234 19.891964197158813
235 19.99202799797058
236 20.079753160476685
237 20.170098543167114
238 20.252374410629272
239 20.316720962524414
240 20.381176471710205
241 20.4667751789093
242 20.523863792419434
243 20.609066009521484
244 20.70073890686035
245 20.77267360687256
246 20.86351203918457
247 20.946117162704468
248 21.042073011398315
249 21.100427627563477
250 21.189557313919067
251 21.27163028717041
252 21.330214262008667
253 21.42606806755066
254 21.489203929901123
255 21.550089597702026
256 21.63821029663086
257 21.701006412506104
258 21.7807400226593
259 21.841882705688477
260 21.90897512435913
261 21.970512628555298
262 22.049095153808594
263 22.096359729766846
264 22.17990517616272
265 22.26398253440857
266 22.36036705970764
267 22.42785906791687
268 22.509110927581787
269 22.602951526641846
270 22.660553216934204
271 22.750049114227295
272 22.833970546722412
273 22.89756155014038
274 22.98648166656494
275 23.04428243637085
276 23.165109157562256
277 23.226582050323486
278 23.29730463027954
279 23.378339052200317
280 23.465550422668457
281 23.534282207489014
282 23.59438133239746
283 23.66887140274048
284 23.76470375061035
285 23.859610080718994
286 23.92021656036377
287 24.03827667236328
288 24.148114442825317
289 24.219209671020508
290 24.340985536575317
291 24.45093870162964
292 24.544071435928345
293 24.67302942276001
294 24.81379508972168
295 24.934584140777588
296 25.05628776550293
297 25.210322618484497
298 25.321112394332886
299 25.485180139541626
300 25.627987146377563
301 25.738566875457764
302 25.874297618865967
303 26.01706862449646
304 26.138092517852783
305 26.258589506149292
306 26.380378484725952
307 26.498886108398438
308 26.64816188812256
309 26.767723083496094
310 26.88363289833069
311 26.98193359375
312 27.11775803565979
313 27.220409631729126
314 27.343625783920288
315 27.460964679718018
316 27.576539278030396
317 27.673617839813232
318 27.761550426483154
319 27.885679244995117
320 28.01917815208435
321 28.146235704421997
322 28.238128423690796
323 28.384110689163208
324 28.511366844177246
325 28.63429045677185
326 28.722217321395874
327 28.867319583892822
328 28.98906135559082
329 29.101102590560913
330 29.200265884399414
331 29.283806085586548
332 29.378551244735718
333 29.502355575561523
334 29.622116327285767
335 29.742227792739868
336 29.862207651138306
337 29.95035696029663
338 30.070059061050415
339 30.190489768981934
340 30.30896806716919
341 30.41987156867981
342 30.544299840927124
343 30.69502902030945
344 30.8122980594635
345 30.906108140945435
346 30.998116493225098
347 31.142484664916992
348 31.24642062187195
349 31.358259201049805
350 31.454270601272583
351 31.568815231323242
352 31.65632939338684
353 31.7798593044281
354 31.866485834121704
355 32.01396155357361
356 32.108991861343384
357 32.222477197647095
358 32.35464596748352
359 32.49035954475403
360 32.58590650558472
361 32.679184436798096
362 32.796961545944214
363 32.91815519332886
364 33.04223895072937
365 33.18085956573486
366 33.280335426330566
367 33.401920557022095
368 33.4893741607666
369 33.60731792449951
370 33.747188329696655
371 33.846293687820435
372 33.98868227005005
373 34.117260217666626
374 34.20564532279968
375 34.296977043151855
376 34.40866947174072
377 34.537429094314575
378 34.62644386291504
379 34.745640993118286
380 34.83850336074829
381 34.959954500198364
382 35.07021403312683
383 35.19964098930359
384 35.32153630256653
385 35.43681263923645
386 35.587170124053955
387 35.68046188354492
388 35.79829788208008
389 35.887913942337036
390 36.00593423843384
391 36.133039712905884
392 36.244993448257446
393 36.33401703834534
394 36.453972578048706
395 36.543821811676025
396 36.66911506652832
397 36.81610298156738
398 36.8825261592865
399 36.99967932701111
400 37.11852955818176
401 37.2375283241272
402 37.35659384727478
403 37.445504903793335
404 37.56800723075867
405 37.65536165237427
406 37.7799596786499
407 37.84440040588379
408 37.95774984359741
409 38.099732398986816
410 38.231701612472534
411 38.3481559753418
412 38.46534204483032
413 38.58392596244812
414 38.707311153411865
415 38.80521535873413
416 38.89269208908081
417 39.00597310066223
418 39.1062536239624
419 39.23756694793701
420 39.33170938491821
421 39.430609941482544
422 39.52216029167175
423 39.63278365135193
424 39.72664499282837
425 39.85140609741211
426 39.994431018829346
427 40.15440630912781
428 40.267045736312866
429 40.35667419433594
430 40.50479030609131
431 40.62447476387024
432 40.71768260002136
433 40.83058977127075
434 40.92490744590759
435 41.047762870788574
436 41.16566586494446
437 41.25411796569824
438 41.37191462516785
439 41.465538024902344
440 41.592573165893555
441 41.71479034423828
442 41.8284227848053
443 41.94854736328125
444 42.06730508804321
445 42.185999631881714
446 42.306628704071045
447 42.42984485626221
448 42.51901316642761
449 42.605204343795776
450 42.729520320892334
451 42.85024905204773
452 42.935051679611206
453 43.034379959106445
454 43.146809101104736
455 43.27411437034607
456 43.41433763504028
457 43.508625745773315
458 43.60722637176514
459 43.71868658065796
460 43.838128089904785
461 43.958229541778564
462 44.08015561103821
463 44.199522495269775
464 44.325236558914185
465 44.45993995666504
466 44.55674386024475
467 44.67826819419861
468 44.79334211349487
469 44.922181367874146
470 45.03214931488037
471 45.160250663757324
472 45.27165365219116
473 45.40058350563049
474 45.54444432258606
475 45.64418888092041
476 45.75060224533081
477 45.87380862236023
478 45.967588663101196
479 46.09029531478882
480 46.17807602882385
481 46.27054214477539
482 46.380305767059326
483 46.51283836364746
484 46.600653886795044
485 46.687544107437134
486 46.77914547920227
487 46.9231379032135
488 47.05464816093445
489 47.17273950576782
490 47.257598876953125
491 47.35251331329346
492 47.436821937561035
493 47.56468844413757
494 47.67602014541626
495 47.77041721343994
496 47.915385246276855
497 48.00927519798279
498 48.15532994270325
499 48.24866056442261
500 48.37429618835449
501 48.47911286354065
502 48.57410454750061
503 48.70030498504639
504 48.81288981437683
505 48.906118631362915
506 49.05280804634094
507 49.147109031677246
508 49.23694682121277
509 49.32962441444397
510 49.468475341796875
511 49.59517526626587
512 49.687522888183594
513 49.80776786804199
514 49.92782211303711
515 50.02086782455444
516 50.108315229415894
517 50.228570222854614
518 50.326141119003296
519 50.46161198616028
520 50.55926322937012
521 50.67557644844055
522 50.78866791725159
523 50.91467046737671
524 51.0347158908844
525 51.12972807884216
526 51.21737837791443
527 51.339481830596924
528 51.46225571632385
529 51.550111293792725
530 51.66948461532593
531 51.81825280189514
532 51.96456336975098
533 52.05506992340088
534 52.20431303977966
535 52.41271924972534
536 52.60141587257385
537 52.781471490859985
538 52.95285391807556
539 53.22809362411499
540 53.39936304092407
541 53.67629671096802
542 53.865275382995605
543 54.03487181663513
544 54.27520775794983
545 54.451918840408325
546 54.665804624557495
547 54.81201505661011
548 54.994314193725586
549 55.14508771896362
550 55.29537558555603
551 55.44641876220703
552 55.59071445465088
553 55.776819467544556
554 55.89948344230652
555 56.07749605178833
556 56.265772104263306
557 56.40872597694397
558 56.55073094367981
559 56.74258470535278
560 56.8977165222168
561 57.06830334663391
562 57.21982765197754
563 57.369184255599976
564 57.48591351509094
565 57.63754916191101
566 57.78590416908264
567 57.92756104469299
568 58.086652755737305
569 58.23825693130493
570 58.38781476020813
571 58.53345584869385
572 58.67724680900574
573 58.80423331260681
574 58.96628427505493
575 59.079426527023315
576 59.230090856552124
577 59.37617111206055
578 59.529582500457764
579 59.67643451690674
580 59.82816004753113
581 60.00330662727356
582 60.15822792053223
583 60.307453870773315
584 60.477747201919556
585 60.663856506347656
586 60.785176515579224
587 60.95783519744873
588 61.11606287956238
589 61.26201796531677
590 61.390652656555176
591 61.539122343063354
592 61.68942165374756
593 61.841228723526
594 61.986247301101685
595 62.1580855846405
596 62.31261658668518
597 62.46669888496399
598 62.61577558517456
599 62.794941425323486
600 62.94297242164612
601 63.07215666770935
602 63.21584510803223
603 63.36375164985657
604 63.51042151451111
605 63.647417068481445
606 63.78745102882385
607 63.958197593688965
608 64.1174488067627
609 64.2932779788971
610 64.44835329055786
611 64.62118554115295
612 64.77823042869568
613 64.92784857749939
614 65.098459482193
615 65.23017597198486
616 65.37563395500183
617 65.52922868728638
618 65.70361995697021
619 65.85060024261475
620 66.00317597389221
621 66.1590588092804
622 66.36071372032166
623 66.51294589042664
624 66.63590979576111
625 66.78693342208862
626 66.93357706069946
627 67.05321073532104
628 67.2057876586914
629 67.39056730270386
630 67.53886032104492
631 67.71389746665955
632 67.83794951438904
633 67.98926949501038
634 68.13288378715515
635 68.30953979492188
636 68.49458622932434
637 68.64402270317078
638 68.79504489898682
639 68.98502802848816
640 69.15608739852905
641 69.27315592765808
642 69.48115468025208
643 69.61111569404602
644 69.7529194355011
645 69.90383863449097
646 70.05601334571838
647 70.175936460495
648 70.36302709579468
649 70.54043102264404
650 70.66614031791687
651 70.80358004570007
652 70.95520877838135
653 71.1143114566803
654 71.25654196739197
655 71.45974826812744
656 71.63844203948975
657 71.76755714416504
658 71.91338968276978
659 72.06495499610901
660 72.24139308929443
661 72.3957188129425
662 72.57960486412048
663 72.74959564208984
664 72.8985185623169
665 73.02391481399536
666 73.21676468849182
667 73.39255976676941
668 73.56764340400696
669 73.72278928756714
670 73.83458399772644
671 73.99086499214172
672 74.16880440711975
673 74.31908512115479
674 74.47242164611816
675 74.61418581008911
676 74.77255201339722
677 74.9224214553833
678 75.06610918045044
679 75.2204282283783
680 75.34662795066833
681 75.54524278640747
682 75.69349956512451
683 75.87894701957703
684 76.06124639511108
685 76.23922038078308
686 76.3925392627716
687 76.53881812095642
688 76.71426820755005
689 76.83436369895935
690 76.99065470695496
691 77.13581991195679
692 77.2834198474884
693 77.43052172660828
694 77.58718347549438
695 77.73772072792053
696 77.91383600234985
697 78.06401705741882
698 78.21865701675415
699 78.37021565437317
700 78.51015257835388
701 78.66426396369934
702 78.81837582588196
703 78.93590712547302
704 79.05347895622253
705 79.17248129844666
706 79.29861640930176
707 79.42979192733765
708 79.54614400863647
709 79.65814399719238
710 79.77411079406738
711 79.9268388748169
712 80.04449510574341
713 80.1674907207489
714 80.28922939300537
715 80.40222072601318
716 80.5317599773407
717 80.64324235916138
718 80.72851753234863
719 80.8484787940979
720 80.94631958007812
721 81.07025337219238
722 81.18611550331116
723 81.30896472930908
724 81.39180946350098
725 81.5186550617218
726 81.64256262779236
727 81.73018908500671
728 81.84613704681396
729 81.99088335037231
730 82.11661982536316
731 82.23690247535706
732 82.32655453681946
733 82.44134426116943
734 82.56167411804199
735 82.69015836715698
736 82.7725579738617
737 82.8680214881897
738 83.0091814994812
739 83.11098909378052
740 83.22241401672363
741 83.34967112541199
742 83.43815994262695
743 83.5856683254242
744 83.69933485984802
745 83.82747554779053
746 83.91353678703308
747 84.06701731681824
748 84.23717427253723
749 84.34030032157898
750 84.460369348526
751 84.55022358894348
752 84.65914249420166
753 84.7594780921936
754 84.87508201599121
755 84.9905219078064
756 85.08328485488892
757 85.21329545974731
758 85.32275676727295
759 85.41333365440369
760 85.51013827323914
761 85.64953136444092
762 85.74705100059509
763 85.87223744392395
764 85.960613489151
765 86.07553100585938
766 86.20185565948486
767 86.28960609436035
768 86.4047520160675
769 86.5232515335083
770 86.62019610404968
771 86.76942276954651
772 86.86297535896301
773 86.9510452747345
774 87.06873774528503
775 87.16033744812012
776 87.30976343154907
777 87.42779922485352
778 87.54702997207642
779 87.667001247406
780 87.82170414924622
781 87.9376118183136
782 88.04763555526733
783 88.13891983032227
784 88.23301267623901
785 88.38789010047913
786 88.50508570671082
787 88.59847068786621
788 88.71370768547058
789 88.8094232082367
790 88.90144872665405
791 89.02164053916931
792 89.14242386817932
793 89.230628490448
794 89.34503984451294
795 89.47013473510742
796 89.58517146110535
797 89.70714950561523
798 89.8263099193573
799 89.98302173614502
800 90.06989407539368
801 90.15699887275696
802 90.27651381492615
803 90.39704990386963
804 90.51719832420349
805 90.6094172000885
806 90.72499752044678
807 90.84791874885559
808 90.97454047203064
809 91.06160926818848
810 91.17891049385071
811 91.26756358146667
812 91.38851070404053
813 91.50800943374634
814 91.60524272918701
815 91.74183702468872
816 91.84418296813965
817 91.95988202095032
818 92.07411527633667
819 92.18863725662231
820 92.2834882736206
821 92.41417384147644
822 92.53092098236084
823 92.65029406547546
824 92.76671504974365
825 92.88863253593445
826 93.01186728477478
827 93.09608125686646
828 93.250235080719
829 93.3367178440094
830 93.42916584014893
831 93.54506397247314
832 93.66760230064392
833 93.78565502166748
834 93.90322089195251
835 93.99755477905273
836 94.09842324256897
837 94.24447822570801
838 94.35572481155396
839 94.45149755477905
840 94.59879398345947
841 94.72086834907532
842 94.81826257705688
843 94.93575692176819
844 95.01814603805542
845 95.13964486122131
846 95.25962400436401
847 95.37562489509583
848 95.49620389938354
849 95.60992121696472
850 95.74421525001526
851 95.88785672187805
852 96.00231909751892
853 96.12867593765259
854 96.27774691581726
855 96.398033618927
856 96.51768040657043
857 96.63820433616638
858 96.7621443271637
859 96.875972032547
860 96.96927094459534
861 97.05601620674133
862 97.20550322532654
863 97.30485105514526
864 97.41523385047913
865 97.53368878364563
866 97.6579704284668
867 97.77769017219543
868 97.90063810348511
869 98.01225185394287
870 98.11293935775757
871 98.22462725639343
872 98.3233573436737
873 98.45872068405151
874 98.55660462379456
875 98.67689967155457
876 98.79686141014099
877 98.89345645904541
878 99.03607058525085
879 99.13527131080627
880 99.21217584609985
881 99.33277559280396
882 99.42441749572754
883 99.51738858222961
884 99.66678643226624
885 99.75805401802063
886 99.87456274032593
887 99.97337937355042
888 100.09155225753784
889 100.20385432243347
890 100.32885575294495
891 100.42453789710999
892 100.56494665145874
893 100.65720224380493
894 100.77676033973694
895 100.92556500434875
896 101.0466742515564
897 101.16733646392822
898 101.2863335609436
899 101.37548995018005
900 101.47413754463196
901 101.58283185958862
902 101.67150735855103
903 101.78908205032349
904 101.88700556755066
