1 0.33843517303466797
2 0.6328084468841553
3 0.9592528343200684
4 1.2020845413208008
5 1.4461848735809326
6 1.7140681743621826
7 1.9902284145355225
8 2.2213242053985596
9 2.4959192276000977
10 2.729541063308716
11 2.971245527267456
12 3.2449681758880615
13 3.4825141429901123
14 3.7595458030700684
15 4.021535634994507
16 4.296665668487549
17 4.532534122467041
18 4.781678915023804
19 5.023077964782715
20 5.321115493774414
21 5.623009204864502
22 5.826661586761475
23 6.108393907546997
24 6.36390233039856
25 6.633578300476074
26 6.903656244277954
27 7.179267168045044
28 7.4174535274505615
29 7.656809568405151
30 7.926182270050049
31 8.169334650039673
32 8.465579748153687
33 8.709806680679321
34 9.007964849472046
35 9.275501251220703
36 9.545951128005981
37 9.790592193603516
38 10.023512601852417
39 10.32931399345398
40 10.564334630966187
41 10.80607557296753
42 11.074097394943237
43 11.344089031219482
44 11.552797079086304
45 11.821634292602539
46 12.067800283432007
47 12.336055755615234
48 12.604610681533813
49 12.87372088432312
50 13.121366262435913
51 13.384278059005737
52 13.655829906463623
53 13.926195859909058
54 14.192626237869263
55 14.465567827224731
56 14.70433759689331
57 14.98215651512146
58 15.21898627281189
59 15.459396839141846
60 15.698473691940308
61 15.931997299194336
62 16.201342821121216
63 16.447802305221558
64 16.711029291152954
65 16.982169151306152
66 17.223898887634277
67 17.46165943145752
68 17.700850248336792
69 17.942495346069336
70 18.18244171142578
71 18.490440845489502
72 18.749828577041626
73 18.997782230377197
74 19.240444660186768
75 19.478699207305908
76 19.746840715408325
77 19.988109588623047
78 20.22404932975769
79 20.497564554214478
80 20.77007746696472
81 21.00592541694641
82 21.27234935760498
83 21.54019069671631
84 21.813098907470703
85 22.02230739593506
86 22.304134130477905
87 22.56829023361206
88 22.84442138671875
89 23.072256088256836
90 23.379725456237793
91 23.616848707199097
92 23.889434099197388
93 24.154938459396362
94 24.398493766784668
95 24.661202907562256
96 24.876696825027466
97 25.114215850830078
98 25.354902744293213
99 25.59585738182068
100 25.891807556152344
101 26.132296562194824
102 26.370712995529175
103 26.64991068840027
104 26.946192741394043
105 27.18403148651123
106 27.487059831619263
107 27.753815174102783
108 28.02181053161621
109 28.28964066505432
110 28.567936658859253
111 28.836178302764893
112 29.1690194606781
113 29.432174682617188
114 29.70217227935791
115 29.97983169555664
116 30.216552019119263
117 30.486998796463013
118 30.72607398033142
119 31.022461891174316
120 31.297078847885132
121 31.54014277458191
122 31.80986261367798
123 32.04710292816162
124 32.31297779083252
125 32.55503988265991
126 32.797889709472656
127 33.036686182022095
128 33.278929233551025
129 33.547789335250854
130 33.78697395324707
131 34.027952671051025
132 34.32538151741028
133 34.56685519218445
134 34.841187953948975
135 35.07625341415405
136 35.32088375091553
137 35.5872004032135
138 35.8234498500824
139 36.07021188735962
140 36.36601662635803
141 36.67359447479248
142 36.94202494621277
143 37.23725700378418
144 37.44264054298401
145 37.769222259521484
146 38.01834797859192
147 38.28950572013855
148 38.592978715896606
149 38.82409405708313
150 39.09953045845032
151 39.36164927482605
152 39.66618037223816
153 39.92923283576965
154 40.17339110374451
155 40.47858643531799
156 40.76906752586365
157 40.9938063621521
158 41.25715470314026
159 41.476540088653564
160 41.70349383354187
161 41.94392538070679
162 42.24351525306702
163 42.52010917663574
164 42.78334927558899
165 43.05581784248352
166 43.2919557094574
167 43.53721618652344
168 43.79970359802246
169 44.048574447631836
170 44.28109097480774
171 44.524831771850586
172 44.7965521812439
173 45.06810927391052
174 45.30441975593567
175 45.573124170303345
176 45.81582570075989
177 46.082314252853394
178 46.32576632499695
179 46.59448504447937
180 46.838685274124146
181 47.102030992507935
182 47.38104963302612
183 47.671302318573
184 47.95527529716492
185 48.18680810928345
186 48.511558055877686
187 48.75610613822937
188 49.05340123176575
189 49.294724225997925
190 49.59661817550659
191 49.873979568481445
192 50.13446092605591
193 50.41330003738403
194 50.671828508377075
195 50.915666341781616
196 51.182400941848755
197 51.45858407020569
198 51.72415828704834
199 51.96389675140381
200 52.23828625679016
201 52.50147604942322
202 52.7801570892334
203 53.04528856277466
204 53.29610347747803
205 53.55545377731323
206 53.828373193740845
207 54.06373429298401
208 54.31185483932495
209 54.58136057853699
210 54.87788796424866
211 55.11419725418091
212 55.35652017593384
213 55.65666317939758
214 55.92707848548889
215 56.167664527893066
216 56.43144917488098
217 56.67611002922058
218 56.950809478759766
219 57.18467712402344
220 57.48311519622803
221 57.73023819923401
222 57.961838722229004
223 58.23908185958862
224 58.50882911682129
225 58.74959373474121
226 58.9911105632782
227 59.255982398986816
228 59.53195095062256
229 59.76262807846069
230 60.03973174095154
231 60.33052349090576
232 60.60750102996826
233 60.81677722930908
234 61.08833408355713
235 61.35796809196472
236 61.596168994903564
237 61.894928216934204
238 62.13536095619202
239 62.41728210449219
240 62.70170736312866
241 62.980414628982544
242 63.24377512931824
243 63.54292917251587
244 63.817015171051025
245 64.08562564849854
246 64.32331705093384
247 64.57365846633911
248 64.83617091178894
249 65.0771279335022
250 65.34344911575317
251 65.6151213645935
252 65.88812398910522
253 66.18720006942749
254 66.42969417572021
255 66.69002318382263
256 66.93918299674988
257 67.20551013946533
258 67.45320153236389
259 67.68322515487671
260 67.99143648147583
261 68.25767135620117
262 68.55411624908447
263 68.8323163986206
264 69.09439492225647
265 69.33551836013794
266 69.63820505142212
267 69.90907049179077
268 70.14477157592773
269 70.41876268386841
270 70.68603849411011
271 70.92305064201355
272 71.18868088722229
273 71.4356951713562
274 71.6727602481842
275 71.94146418571472
276 72.19102358818054
277 72.45154428482056
278 72.7241678237915
279 72.99460005760193
280 73.23857808113098
281 73.53103470802307
282 73.81308054924011
283 74.04177188873291
284 74.3415629863739
285 74.61327648162842
286 74.8340950012207
287 75.08888506889343
288 75.34163761138916
289 75.57381010055542
290 75.84549880027771
291 76.09115839004517
292 76.39065480232239
293 76.59408402442932
294 76.8646924495697
295 77.10147643089294
296 77.34527134895325
297 77.644122838974
298 77.88625001907349
299 78.12881803512573
300 78.39581418037415
301 78.66406893730164
302 78.9339690208435
303 79.21577191352844
304 79.43943905830383
305 79.65489625930786
306 79.92468047142029
307 80.13304662704468
308 80.38262748718262
309 80.67305731773376
310 80.94192504882812
311 81.21504712104797
312 81.45149898529053
313 81.74926948547363
314 81.99335813522339
315 82.232173204422
316 82.5333046913147
317 82.77167820930481
