1 4 1524751784.6353304
2 4 1524751784.7686305
1 11.1485767721172 0.99 1524751785.735504
2 11.209817922133613 0.99 1524751785.8618662
1 11.592355764643028 0.99 1524751785.991112
2 10.997415577987987 0.99 1524751786.1575751
1 12.027681388012478 0.98 1524751786.2341695
2 11.47090343287383 0.99 1524751786.4364483
1 11.979066885968793 0.98 1524751786.4840274
2 11.245706594075461 0.99 1524751786.6895955
1 12.0335941687852 0.97 1524751786.7347434
1 12.073122061925245 0.96 1524751786.9859302
2 10.703615223436827 0.99 1524751787.0090008
2 11.229929006155452 0.99 1524751787.225136
1 11.879015005899623 0.96 1524751787.2508264
1 11.891550101137815 0.96 1524751787.4964957
2 11.26323894274093 0.99 1524751787.525045
2 11.308809316360964 0.99 1524751787.7535381
1 11.69062236638856 0.96 1524751787.7816625
1 11.594011343259382 0.96 1524751788.0235531
2 11.086053883817156 0.99 1524751788.0631359
1 11.721742666739498 0.96 1524751788.2653396
2 11.160921132491758 0.99 1524751788.2998922
1 11.722833670159492 0.96 1524751788.5184176
2 10.781602894480534 0.99 1524751788.6132965
1 11.774309195157713 0.96 1524751788.7816455
2 10.897684132489722 0.99 1524751788.8508153
1 11.835313833943227 0.96 1524751789.0346715
2 11.621881521533961 0.99 1524751789.0958421
1 11.730508841072233 0.96 1524751789.2881978
2 11.58783153367756 0.99 1524751789.3352787
1 11.75706676348498 0.96 1524751789.5369925
2 12.368379630834575 0.98 1524751789.586895
1 11.841447867157775 0.96 1524751789.7950823
2 11.878282584023257 0.98 1524751789.8603547
1 11.793832815799558 0.96 1524751790.050964
2 10.78260234516599 0.98 1524751790.2092383
1 11.831735647901406 0.96 1524751790.3061728
2 10.285577808107396 0.98 1524751790.5038476
1 11.823991812437763 0.96 1524751790.5500634
2 10.365823779936548 0.98 1524751790.7453563
1 11.81512645597594 0.96 1524751790.8078067
2 10.31445506646197 0.98 1524751791.0252702
1 11.895311392648727 0.96 1524751791.0597951
2 11.275705373428218 0.98 1524751791.2748146
1 11.948274649583324 0.96 1524751791.3036036
2 11.863641775890525 0.98 1524751791.5128908
1 11.889253653379637 0.96 1524751791.565424
2 11.29729655999187 0.98 1524751791.8061802
1 11.938119925443303 0.96 1524751791.829968
2 11.772851980799533 0.98 1524751792.0451698
1 11.907297171479648 0.96 1524751792.0674038
1 11.857439078125054 0.96 1524751792.3213387
2 11.411584890282874 0.98 1524751792.3427396
2 11.404741323375594 0.98 1524751792.5651946
1 11.833848990190502 0.96 1524751792.5863361
2 11.869997061546885 0.98 1524751792.8172374
1 11.75861553057771 0.96 1524751792.8415656
2 11.629739797915779 0.98 1524751793.0805187
1 11.780092276223181 0.96 1524751793.1017983
1 11.78660014977045 0.96 1524751793.344592
2 11.872667349637796 0.98 1524751793.3701885
2 11.7689533601868 0.98 1524751793.5844574
1 11.696260488957648 0.96 1524751793.6066492
1 11.74946025712316 0.96 1524751793.8552787
2 11.181283986533591 0.98 1524751793.8915346
1 11.649850881937622 0.96 1524751794.1160982
2 10.806039845209652 0.98 1524751794.1881032
1 11.658380545039444 0.96 1524751794.3652494
2 10.993440663429805 0.98 1524751794.4264092
1 11.758066214170428 0.96 1524751794.6256068
2 11.041200673284392 0.98 1524751794.6694725
1 11.754304922659516 0.96 1524751794.877556
2 11.724519766354046 0.98 1524751794.9129746
1 11.80374339931411 0.96 1524751795.1322238
2 11.797456778208653 0.98 1524751795.2072787
1 11.788660086297728 0.96 1524751795.3853354
2 11.711755789279488 0.98 1524751795.4515834
1 11.791734732299556 0.96 1524751795.6435745
2 11.655870474233986 0.98 1524751795.6996002
1 11.811098135655937 0.96 1524751795.8914013
2 11.315919912077335 0.98 1524751795.9717739
1 11.746065176550424 0.96 1524751796.1516874
2 11.595918691895754 0.98 1524751796.239853
1 11.81385234708684 0.96 1524751796.4005897
2 11.293314016039139 0.98 1524751796.519831
1 11.900865591877825 0.96 1524751796.6461134
2 11.338724172373722 0.98 1524751796.757728
1 11.894067801337815 0.96 1524751796.903487
2 11.570917165970275 0.98 1524751797.0084476
1 11.96901897335243 0.96 1524751797.154437
2 11.697214163275836 0.98 1524751797.263843
1 11.907266653901466 0.96 1524751797.4090014
2 12.052469290890683 0.97 1524751797.5145254
1 11.874315298859615 0.96 1524751797.6590314
2 11.61542705374849 0.97 1524751797.791675
1 11.886697806206898 0.96 1524751797.906791
2 11.733949698012236 0.97 1524751798.031604
1 11.945535696941498 0.96 1524751798.164306
2 11.484300649695665 0.97 1524751798.3088636
1 11.91433910264511 0.96 1524751798.4137921
2 11.507867849446594 0.97 1524751798.5537784
1 11.91696361436874 0.96 1524751798.667108
2 11.331041372066448 0.97 1524751798.8525324
1 11.942949332190592 0.96 1524751798.9130833
2 10.886682545555164 0.97 1524751799.1349058
1 11.903505362390547 0.96 1524751799.166011
2 11.233964955870002 0.97 1524751799.378493
1 11.908632315525105 0.96 1524751799.423109
1 11.910738028419651 0.96 1524751799.6720119
2 10.682771717538637 0.97 1524751799.6935458
2 11.13248637902082 0.97 1524751799.9345753
1 11.75516704424316 0.96 1524751799.959019
2 11.460062063224736 0.97 1524751800.1841683
1 11.82752422211231 0.96 1524751800.2058597
1 11.771402395835905 0.96 1524751800.4456308
2 10.924005543671559 0.97 1524751800.474951
1 11.765176809886805 0.96 1524751800.6959276
2 11.589769399892107 0.97 1524751800.724493
1 11.80761150234866 0.96 1524751800.9510787
2 11.195550954333603 0.97 1524751801.002369
1 11.822740591732298 0.96 1524751801.19889
2 11.318361318331881 0.97 1524751801.2400599
1 11.827737845159584 0.96 1524751801.4607925
2 11.775217093108623 0.97 1524751801.495689
1 11.718225515854035 0.96 1524751801.71528
2 11.43854717060653 0.97 1524751801.7598114
1 11.807207144437742 0.96 1524751801.9657598
2 11.520486868024777 0.97 1524751802.0426667
1 11.803819693259559 0.96 1524751802.216206
2 10.983163868977062 0.97 1524751802.3342867
1 11.871522940455977 0.96 1524751802.4657593
2 11.144174611464468 0.97 1524751802.570821
1 12.018388785456105 0.95 1524751802.7187035
2 10.605920826282214 0.97 1524751802.8918357
1 11.939210928863314 0.95 1524751802.9717126
2 10.733476673687772 0.97 1524751803.1599765
1 11.898813284745101 0.95 1524751803.223133
2 11.04752544136257 0.97 1524751803.4236782
1 11.91787151231966 0.95 1524751803.4725554
2 10.563081775909449 0.97 1524751803.7109473
1 11.910974539650553 0.95 1524751803.7339866
2 11.406099355604685 0.97 1524751803.945064
1 11.960176505074232 0.95 1524751803.9788003
1 11.928705252574208 0.95 1524751804.2364848
2 11.243288076004559 0.97 1524751804.265015
1 11.800684012101378 0.95 1524751804.4936626
2 11.118677174893547 0.97 1524751804.5181992
1 11.72673992016677 0.95 1524751804.7441816
2 11.294626271900961 0.97 1524751804.769858
1 11.720010794177673 0.95 1524751805.0039291
2 10.930421864484297 0.97 1524751805.0414867
1 11.723032034417677 0.95 1524751805.2536464
2 11.206941640389973 0.97 1524751805.2978375
1 11.731805838144961 0.95 1524751805.5148137
2 11.600221670419389 0.97 1524751805.5374234
1 11.738733328392236 0.95 1524751805.7690592
2 11.406267202284692 0.97 1524751805.8254383
1 11.716104544170404 0.95 1524751806.0217524
2 11.539751089252075 0.97 1524751806.080965
1 11.762880362128612 0.95 1524751806.276189
2 11.3308506372028 0.97 1524751806.3567731
1 11.843156851535959 0.95 1524751806.5274763
2 10.691171680933191 0.97 1524751806.6563773
1 11.888475455136001 0.95 1524751806.7791047
2 11.031152760668007 0.97 1524751806.9115748
1 11.915826834581472 0.95 1524751807.029922
2 11.19382671116633 0.97 1524751807.1536014
1 11.857347525390514 0.95 1524751807.2850275
2 11.36236003667556 0.97 1524751807.413144
1 11.888597525448729 0.95 1524751807.5341432
2 11.738130606223146 0.97 1524751807.6776164
1 11.897439993726909 0.95 1524751807.786344
2 11.669366873184906 0.97 1524751807.9401188
1 11.952508963556042 0.95 1524751808.0355756
2 11.564722097599367 0.97 1524751808.1948125
1 11.977396048563344 0.95 1524751808.293341
2 11.619691885299405 0.97 1524751808.4454064
1 11.882127798874167 0.95 1524751808.5508678
2 11.5734882719321 0.97 1524751808.7148163
1 11.723634756586764 0.95 1524751808.808371
2 11.693903006043106 0.97 1524751808.9651415
1 11.703271902544937 0.95 1524751809.0615005
2 11.557535207937544 0.97 1524751809.2315483
1 11.685464895675823 0.95 1524751809.3134203
2 11.776414908052264 0.97 1524751809.4643245
1 11.778970755224996 0.95 1524751809.5657778
2 11.807588614165024 0.97 1524751809.730687
1 11.876504935094166 0.95 1524751809.822918
2 11.412195241846513 0.97 1524751810.015839
1 11.784822500841358 0.95 1524751810.0833805
2 11.654565847766705 0.97 1524751810.2631142
1 11.782556570661367 0.95 1524751810.3340201
2 11.121667897555364 0.97 1524751810.5445826
1 11.77683452475226 0.95 1524751810.5857184
2 11.261796987171843 0.97 1524751810.797683
1 11.791032828001375 0.95 1524751810.8370728
2 11.245805776204556 0.97 1524751811.085028
1 11.859094656741426 0.95 1524751811.1060605
2 11.197275197500872 0.97 1524751811.3326552
1 11.789125479365007 0.95 1524751811.3653727
1 11.745676077428598 0.95 1524751811.6069715
2 11.073389088871682 0.97 1524751811.6296036
1 11.752031363084972 0.95 1524751811.862609
2 11.235208547180909 0.97 1524751811.8844209
1 11.712404287815847 0.95 1524751812.1126983
2 11.085542714382608 0.97 1524751812.164616
1 11.803949392966834 0.95 1524751812.3652685
2 11.187120473360872 0.97 1524751812.4033792
1 11.767129934890436 0.95 1524751812.6265047
2 11.728891409428597 0.97 1524751812.6526408
1 11.82583049652321 0.95 1524751812.8751178
2 11.241754567700914 0.97 1524751812.931259
1 11.783830679550453 0.95 1524751813.134609
2 11.53671459022297 0.97 1524751813.205225
1 11.737703360128597 0.95 1524751813.3874156
2 11.35662273197737 0.97 1524751813.4601839
1 11.758821524230429 0.95 1524751813.646414
2 11.462793386472 0.97 1524751813.6993108
1 11.73607066969587 0.95 1524751813.8972242
2 11.458551443104724 0.97 1524751813.9798782
1 11.765878714184982 0.95 1524751814.1529973
2 11.397241628537408 0.97 1524751814.257671
1 11.800828970597737 0.95 1524751814.41119
2 11.39466289318104 0.97 1524751814.5128784
1 11.77133373128499 0.95 1524751814.6642172
2 10.69199565554409 0.97 1524751814.822014
1 11.782556570661358 0.95 1524751814.9146922
2 10.52393535249669 0.97 1524751815.120231
1 11.76992992268862 0.95 1524751815.1735542
2 10.598253284764015 0.97 1524751815.391486
1 11.775156057952271 0.95 1524751815.4232564
2 10.512224231869403 0.97 1524751815.6554465
1 11.764513052561353 0.95 1524751815.6814547
2 10.86639598545879 0.97 1524751815.927555
1 11.73397258619587 0.95 1524751815.9513566
2 11.343362844257356 0.97 1524751816.1802523
1 11.780756033548636 0.95 1524751816.2039702
1 11.774461783048634 0.95 1524751816.4450839
2 11.282884633695488 0.97 1524751816.4667192
2 11.561029470639356 0.97 1524751816.6962285
1 11.771982229821354 0.95 1524751816.7193277
2 11.724855459714046 0.97 1524751816.9500933
1 11.783494986190451 0.95 1524751816.975253
2 11.664072073370349 0.97 1524751817.211006
1 11.769922293294085 0.95 1524751817.2370646
2 11.954645194028776 0.97 1524751817.4588368
1 11.630777395573963 0.95 1524751817.4812386
1 11.701807058792205 0.95 1524751817.7293205
2 11.26318553697911 0.97 1524751817.76037
1 11.57984355758847 0.95 1524751817.992361
2 10.546503101562156 0.97 1524751818.0849724
1 11.60117534473758 0.95 1524751818.2486746
2 10.734010731305952 0.97 1524751818.3258114
1 11.647508657812157 0.95 1524751818.5071511
2 10.691904102809549 0.97 1524751818.5818477
1 11.693338430846747 0.95 1524751818.7575195
2 11.097063100146254 0.97 1524751818.839632
1 11.799760855361372 0.95 1524751819.0072217
2 11.445474660853813 0.97 1524751819.1333284
1 11.832132376417766 0.95 1524751819.263416
2 11.512743032561133 0.97 1524751819.3660622
1 11.93914989370695 0.95 1524751819.5124552
2 11.354806936075553 0.97 1524751819.639051
1 11.903177298425097 0.95 1524751819.7624114
2 11.378534353111938 0.97 1524751819.89465
1 11.965311087603334 0.95 1524751820.012135
2 11.557031667897542 0.97 1524751820.171672
1 11.896188773021453 0.95 1524751820.2657886
2 11.090669667517147 0.97 1524751820.4480953
1 11.907831229097827 0.95 1524751820.5191662
2 11.255563771828202 0.97 1524751820.7053432
1 11.963853873245155 0.95 1524751820.7672758
2 10.996225392438888 0.97 1524751820.9866202
1 11.84879497410506 0.95 1524751821.0267787
2 11.420763051921057 0.97 1524751821.2236931
1 11.879175223185076 0.95 1524751821.279025
2 11.602403677259401 0.97 1524751821.4835393
1 11.78888896813409 0.95 1524751821.5350971
2 11.580484426730292 0.97 1524751821.7407997
1 11.756357229792245 0.95 1524751821.786714
2 12.142511405316206 0.96 1524751821.976066
1 11.783678091659542 0.95 1524751822.0426888
2 11.647241629003073 0.96 1524751822.2534153
1 11.78386119712864 0.95 1524751822.2969556
2 11.753129995899517 0.96 1524751822.505435
1 11.813653982828656 0.95 1524751822.552286
2 11.509431875328413 0.96 1524751822.7824576
1 11.816179312423206 0.95 1524751822.804448
1 11.831865347608671 0.95 1524751823.059798
2 11.034669911553468 0.96 1524751823.085473
1 11.860734976568702 0.95 1524751823.3069732
2 11.14232829798447 0.96 1524751823.3301387
1 11.872362173855976 0.95 1524751823.564346
2 10.641946827325878 0.96 1524751823.6308527
1 11.846277273905049 0.95 1524751823.816574
2 10.851213490313317 0.96 1524751823.8876047
1 11.861963309090513 0.95 1524751824.067458
2 10.852052723713319 0.96 1524751824.167426
2 10.883905445940613 0.96 1524751824.435629
2 6 frame freq 1524751824.4374003
1 11.913164175885106 0.95 1524751824.5729764
1 6 frame freq 1524751824.5751154
2 14.726465267551063 0.95 1524751824.701819
1 15.138917966073233 0.94 1524751824.863437
2 20.260120489187766 0.94 1524751825.0243804
1 20.75714502624635 0.93 1524751825.1461415
2 20.149265386442224 0.93 1524751825.299283
1 20.93098841035923 0.92 1524751825.43363
2 20.268573858344126 0.92 1524751825.6171024
1 20.935672858610133 0.91 1524751825.723458
2 18.753070925833782 0.91 1524751825.9384763
1 20.349201299900557 0.9 1524751826.0229623
2 18.494098757382677 0.9 1524751826.2662468
1 20.277866460900523 0.89 1524751826.3203743
2 17.93724450829857 0.89 1524751826.6124175
1 20.249302007722303 0.88 1524751826.6540842
1 19.992389775798465 0.87 1524751826.9114566
2 17.362369629298104 0.88 1524751826.9598837
1 20.03870020068941 0.86 1524751827.213657
2 17.557987305443714 0.87 1524751827.2894678
1 19.994968511154823 0.85 1524751827.5131354
2 17.847889039382128 0.86 1524751827.6301467
1 19.840122319460153 0.84 1524751827.8214457
2 17.59660730063283 0.85 1524751827.9720464
1 19.7188454637655 0.83 1524751828.1216612
2 18.45245752195355 0.84 1524751828.2790554
1 19.555133915608998 0.82 1524751828.4331217
2 18.051929567105947 0.83 1524751828.6368463
1 19.298725223725157 0.81 1524751828.742465
2 17.876285645880333 0.82 1524751828.9521496
1 19.271411991252407 0.8 1524751829.0562575
2 18.403858278698948 0.81 1524751829.2889626
1 19.13179407107048 0.79 1524751829.369159
2 18.16856775091696 0.8 1524751829.6107395
1 18.837772464077496 0.78 1524751829.6917412
2 18.416629885168053 0.79 1524751829.942138
1 18.694919680608283 0.77 1524751830.0136993
2 17.82048425417484 0.78 1524751830.2859943
1 18.642322634611876 0.76 1524751830.335793
2 17.718662354571126 0.77 1524751830.6185904
1 18.138782594611474 0.75 1524751830.6735585
2 18.25935754600793 0.76 1524751830.9420109
1 18.16307458684422 0.74 1524751830.996352
2 17.92134485006582 0.75 1524751831.2901258
1 18.50098047126268 0.73 1524751831.3231435
2 17.225177856581627 0.74 1524751831.6391287
1 18.34486780007347 0.72 1524751831.661582
1 18.139331911018733 0.71 1524751831.9858027
2 17.075412841654213 0.73 1524751832.0088615
1 17.75998315542935 0.7 1524751832.328373
2 16.998386474323247 0.72 1524751832.3521392
2 17.52132043525823 0.71 1524751832.6763809
1 17.158451171887016 0.69 1524751832.698952
1 16.939624877534126 0.68 1524751833.0374472
2 17.27379235862529 0.7 1524751833.0606968
2 17.011859985090528 0.69 1524751833.384479
1 17.052829833799656 0.67 1524751833.4073527
1 17.03404626442874 0.66 1524751833.7409163
2 17.116184326105166 0.68 1524751833.766837
2 16.565982909064722 0.67 1524751834.10683
1 16.65803918365023 0.65 1524751834.129366
2 16.743229003144847 0.66 1524751834.4571278
1 16.21629723946807 0.64 1524751834.4794834
2 16.810916991552194 0.65 1524751834.821281
1 16.030124753769712 0.63 1524751834.8604012
2 15.85882763538291 0.64 1524751835.212709
1 15.846788450790179 0.62 1524751835.2357416
2 15.517412229473537 0.63 1524751835.5925891
1 15.534822507826286 0.61 1524751835.6288903
2 15.921350523682973 0.62 1524751835.9696898
1 15.34124950941885 0.6 1524751836.0216985
2 15.887613341002934 0.61 1524751836.3477108
1 15.346735044097034 0.59 1524751836.4099634
2 15.922586485599327 0.6 1524751836.7201092
1 14.959993405193075 0.58 1524751836.820782
2 15.896730467484764 0.59 1524751837.1038616
1 14.805887264769312 0.57 1524751837.2221363
2 15.035356564513146 0.58 1524751837.5183313
1 14.896799130173024 0.56 1524751837.6318576
2 14.51125530621271 0.57 1524751837.9292555
1 14.575777095883673 0.55 1524751838.0499346
2 14.571069759449122 0.56 1524751838.344112
1 14.329782527554375 0.54 1524751838.4725232
2 14.541147274041824 0.55 1524751838.7546825
1 13.93379406246132 0.53 1524751838.9035313
2 14.807786984011132 0.54 1524751839.1519585
1 13.479661981537312 0.52 1524751839.3545322
2 14.870187801998462 0.53 1524751839.5623562
1 13.331804315246275 0.51 1524751839.8043728
2 14.854898495329364 0.52 1524751839.9612772
1 13.295145074455347 0.5 1524751840.2552702
2 14.92550091245305 0.51 1524751840.3645594
1 13.247331658838943 0.49 1524751840.7127414
2 14.277612727652523 0.5 1524751840.806304
1 12.866647759204078 0.48 1524751841.1879358
2 13.935510676234056 0.49 1524751841.2285576
2 14.19596294722699 0.48 1524751841.6501274
1 12.511606254636504 0.47 1524751841.6723974
2 14.22351269093065 0.47 1524751842.070025
1 12.25126842456175 0.46 1524751842.168566
2 14.193368953081533 0.46 1524751842.4912708
1 11.885149039114168 0.46 1524751842.6795018
2 13.355951348982664 0.45 1524751842.9716372
1 12.005075491974267 0.45 1524751843.1697276
2 12.66971782719664 0.44 1524751843.4376712
1 11.941064871737852 0.45 1524751843.6929746
2 12.281061210261779 0.43 1524751843.9462366
1 11.721605337637678 0.45 1524751844.1925507
2 12.080995597096157 0.42 1524751844.431155
1 11.792940176637728 0.45 1524751844.7108564
2 12.62406353023661 0.41 1524751844.897331
1 11.766649283034074 0.45 1524751845.2124946
2 12.172884025001682 0.4 1524751845.4202724
1 11.757204092586802 0.45 1524751845.732423
2 11.335908925786452 0.4 1524751845.954938
1 11.785173452990449 0.45 1524751846.2284284
2 11.667375601208535 0.4 1524751846.4589183
1 11.807703055083202 0.45 1524751846.7377937
2 11.822084463801398 0.4 1524751846.9699464
1 11.778101004246807 0.45 1524751847.2472434
2 11.609262502955763 0.4 1524751847.4807482
1 11.752237356737703 0.45 1524751847.7609932
2 12.0550403968525 0.39 1524751847.9642775
1 11.860757864752335 0.45 1524751848.2600796
2 12.469949760418288 0.38 1524751848.456397
1 11.820627249443213 0.45 1524751848.7753296
2 11.441820180866529 0.38 1524751849.0143805
1 11.755907095514072 0.45 1524751849.2801328
2 10.822961842311482 0.38 1524751849.551725
1 11.780214346535912 0.45 1524751849.7932472
2 11.600297964364845 0.38 1524751850.0517168
1 11.704637564168568 0.45 1524751850.3055625
2 12.33423809024364 0.37 1524751850.5318954
1 11.799127615614097 0.45 1524751850.8102717
2 11.666574514781264 0.37 1524751851.0778086
1 11.747720755166783 0.45 1524751851.3289583
2 10.619691883436765 0.37 1524751851.6532786
1 11.652093923933975 0.45 1524751851.8391585
2 10.544687305660343 0.37 1524751852.2150867
1 11.750116385054064 0.45 1524751852.3501945
2 11.124322926857179 0.37 1524751852.7337453
1 11.786272085805004 0.45 1524751852.8570845
2 11.857156790526872 0.37 1524751853.2562282
1 11.847841299786868 0.45 1524751853.3612046
2 11.861932791512334 0.37 1524751853.7463236
1 11.79140666833409 0.45 1524751853.8762238
2 10.97598460870978 0.37 1524751854.3198566
1 11.752733267383153 0.45 1524751854.3812108
2 10.569276844280353 0.37 1524751854.882886
1 11.833131827103221 0.45 1524751854.9065068
1 11.76385692463044 0.45 1524751855.4014926
2 10.761568104404152 0.37 1524751855.4368827
1 11.964227713577875 0.45 1524751855.9041045
2 11.205781972419068 0.37 1524751855.9527822
1 11.99749187379608 0.45 1524751856.4121494
2 11.200387990475427 0.37 1524751856.5075417
1 11.786485708852277 0.45 1524751856.9100206
2 11.152750050933571 0.37 1524751857.0292242
1 11.635507620192154 0.45 1524751857.4356554
2 11.860055960454156 0.37 1524751857.5195196
1 11.76710704670681 0.45 1524751857.9304748
2 11.736681021259503 0.37 1524751858.0504282
1 11.934618033346942 0.45 1524751858.4405825
2 11.098978078177167 0.37 1524751858.6007953
1 11.787973440788633 0.45 1524751858.9483986
2 11.017587697166187 0.37 1524751859.137335
1 11.841142691375962 0.45 1524751859.4542642
2 11.60188487843031 0.37 1524751859.650144
1 11.777124441744988 0.45 1524751859.9667964
2 11.639009512288512 0.37 1524751860.1685975
1 11.708353079312214 0.45 1524751860.4778728
2 11.067262685051684 0.37 1524751860.720969
1 11.735330618424953 0.45 1524751860.9894886
2 10.838129078667851 0.37 1524751861.2754328
1 11.73256114820496 0.45 1524751861.499924
2 10.433885608676615 0.37 1524751861.869658
1 11.759996450990437 0.45 1524751862.0122724
2 10.909112965518819 0.37 1524751862.3755345
1 11.765764273266809 0.45 1524751862.5199678
2 11.531686819217512 0.37 1524751862.9102793
1 11.764101065255897 0.45 1524751863.0326068
2 10.448289905578434 0.37 1524751863.5245821
1 11.643320120206697 0.45 1524751863.5509932
1 11.746057547155882 0.45 1524751864.0625784
2 10.371980701334746 0.37 1524751864.0857162
1 11.681375540199458 0.45 1524751864.1098557
2 10.780832325631449 0.37 1524751864.1352568
1 4 frame freq 1524751864.1369848
2 4 frame freq 1524751864.1371748
1 11.651323355084894 0.45 1524751864.5802255
2 11.320627248511892 0.37 1524751864.6086807
1 8.229043990800239 0.505 1524751865.0649154
2 11.110170399975358 0.37 1524751865.1448455
1 8.565973312716883 0.5545 1524751865.4928403
2 7.794842734550767 0.433 1524751865.6765616
1 9.21328929292651 0.5990333333333333 1524751865.889602
2 7.8957338480199395 0.4897 1524751866.1286566
1 9.963800463758039 0.6391 1524751866.2691772
2 8.671541245042421 0.5407 1524751866.567134
1 10.649927174020423 0.6391 1524751866.6219547
2 9.539323839432228 0.5866 1524751866.9154136
1 10.969408070611594 0.6391 1524751866.982292
2 10.578737293516724 0.5866 1524751867.2636063
1 11.26258281481003 0.6391 1524751867.3349962
2 11.023927724033461 0.5866 1524751867.620921
1 11.144922292129932 0.6391 1524751867.6985412
2 11.426477468435618 0.5866 1524751867.9639912
1 11.224779164837264 0.6391 1524751868.0490005
2 11.351968801304642 0.5866 1524751868.3204818
1 11.290437734295502 0.6391 1524751868.3974
2 11.13662914025901 0.5866 1524751868.6955454
1 11.427270925468342 0.6391 1524751868.747629
2 11.070985829589864 0.5866 1524751869.049864
1 11.325479543442809 0.6391 1524751869.109056
2 11.18171886202269 0.5866 1524751869.3938859
1 11.222398793739075 0.6391 1524751869.4676754
2 11.270456349980943 0.5866 1524751869.7608044
1 11.178667104204498 0.6391 1524751869.8198814
2 11.13546184289356 0.5866 1524751870.1288471
1 11.303049123479154 0.6391 1524751870.1709151
2 10.910142933782454 0.5866 1524751870.4956925
1 11.48060039334111 0.6391 1524751870.518747
1 11.571405447221183 0.6391 1524751870.8555477
2 10.909494435246101 0.5866 1524751870.8776023
1 11.588266409166652 0.6391 1524751871.204124
2 10.84260753326604 0.5866 1524751871.2342925
1 11.476480520286561 0.6391 1524751871.5583797
2 10.769228016527798 0.5866 1524751871.608131
1 11.43655589863017 0.6391 1524751871.9054837
2 10.544931446285798 0.5866 1524751871.9974525
1 11.522943533068421 0.6391 1524751872.2472003
2 10.604097400985843 0.5866 1524751872.3651571
1 11.562715566833905 0.6391 1524751872.597814
2 10.62317088734949 0.5866 1524751872.7368
1 11.544763601468434 0.6391 1524751872.9460294
2 11.077585255871695 0.5866 1524751873.0832536
1 11.479356802030205 0.6391 1524751873.2893481
2 10.859842335544238 0.5866 1524751873.4676547
1 11.417116201328337 0.6391 1524751873.6511068
2 10.922212635953374 0.5866 1524751873.8370929
1 11.448846853242904 0.6391 1524751873.9933035
2 10.749925648327785 0.5866 1524751874.1976128
1 11.329469716790081 0.6391 1524751874.3493598
2 11.000749623404353 0.5866 1524751874.5605686
1 11.419809377602883 0.6391 1524751874.6974413
2 11.025766408118924 0.5866 1524751874.9253988
1 11.390459096786497 0.6391 1524751875.048333
2 10.91231731122791 0.5866 1524751875.2967908
1 11.467973745368377 0.6391 1524751875.3943732
2 10.846178089913321 0.5866 1524751875.6657503
1 11.497232473450214 0.6391 1524751875.741777
2 10.992609059424348 0.5866 1524751876.0191388
1 11.464876211182924 0.6391 1524751876.0986013
2 11.15403941861175 0.5866 1524751876.3742034
1 11.535211599497515 0.6391 1524751876.4363012
2 11.302446401310062 0.5866 1524751876.7274902
1 11.512651479826593 0.6391 1524751876.784812
2 11.232851064266367 0.5866 1524751877.0856507
1 11.498971975406583 0.6391 1524751877.13964
2 10.998941456897073 0.5866 1524751877.4681711
1 11.457231557848365 0.6391 1524751877.492856
2 10.981561696122522 0.5866 1524751877.820174
1 11.411844289697418 0.6391 1524751877.8429239
2 10.919740712120655 0.5866 1524751878.1836708
1 11.286935842199135 0.6391 1524751878.2068105
2 11.375894582599201 0.5866 1524751878.5230856
1 11.196985280508155 0.6391 1524751878.5594087
2 11.302339589786417 0.5866 1524751878.8823788
1 11.253351247410013 0.6391 1524751878.9048274
1 11.458910024648363 0.6391 1524751879.2487218
2 11.258638417830024 0.5866 1524751879.2709594
1 11.4489307765829 0.6391 1524751879.6054385
2 10.699846302531371 0.5866 1524751879.6433446
1 11.517030752295693 0.6391 1524751879.9438858
2 10.426355396260234 0.5866 1524751880.0336459
1 11.451639211646546 0.6391 1524751880.295821
2 10.124254260443628 0.5866 1524751880.433514
1 11.450288808811994 0.6391 1524751880.6534538
2 10.378725086112931 0.5866 1524751880.7986255
1 11.267168080931846 0.6391 1524751881.0104125
2 10.737855946156866 0.5866 1524751881.1509123
1 11.29197887199369 0.6391 1524751881.3573685
2 11.011384999400727 0.5866 1524751881.523447
1 11.39399150646104 0.6391 1524751881.70487
2 10.974725758609784 0.5866 1524751881.8905582
1 11.514642751802953 0.6391 1524751882.0531046
2 10.801767384264194 0.5866 1524751882.261567
1 11.573335684041192 0.6391 1524751882.3948135
2 10.919000660849738 0.5866 1524751882.6224263
1 11.437395132030167 0.6391 1524751882.753643
2 10.753488575580509 0.5866 1524751883.0054345
1 11.424654043139244 0.6391 1524751883.1026552
2 10.693315540800466 0.5866 1524751883.3850436
1 11.406198537733772 0.6391 1524751883.4466398
2 10.625398670556766 0.5866 1524751883.7529826
1 11.543336904688434 0.6391 1524751883.7925491
2 10.546632801269434 0.5866 1524751884.145955
1 11.442781484579257 0.6391 1524751884.1684165
1 11.424089467942881 0.6391 1524751884.4999444
2 10.530443226043968 0.5866 1524751884.5271635
1 11.367166555239198 0.6391 1524751884.8495874
2 10.607393299429486 0.5866 1524751884.8843377
1 11.442346609090173 0.6391 1524751885.1975975
2 11.059305226540761 0.5866 1524751885.2305033
1 11.466394460697469 0.6391 1524751885.5459814
2 11.0896702168317 0.5866 1524751885.6056964
1 11.571359670853921 0.6391 1524751885.885701
2 11.015726124897093 0.5866 1524751885.9736536
1 11.51729015171023 0.6391 1524751886.241223
2 10.66683391233316 0.5866 1524751886.353836
1 11.516252554052057 0.6391 1524751886.5849512
2 10.835962330616944 0.5866 1524751886.7131157
1 11.463533437742916 0.6391 1524751886.933204
2 10.977319752755236 0.5866 1524751887.065766
1 11.56116679974118 0.6391 1524751887.2785103
2 11.224710500286353 0.5866 1524751887.4222293
1 11.5454273587939 0.6391 1524751887.623833
2 11.168108022153584 0.5866 1524751887.7863638
1 11.527490652217514 0.6391 1524751887.97875
2 11.178033864457221 0.5866 1524751888.140359
1 11.43638805195016 0.6391 1524751888.3283126
2 11.342386281755543 0.5866 1524751888.4802334
1 11.42496684831561 0.6391 1524751888.6745393
2 11.353799855995556 0.5866 1524751888.843107
1 11.420434987955602 0.6391 1524751889.0262725
2 11.3199253442137 0.5866 1524751889.2016432
1 11.423761403977432 0.6391 1524751889.379534
2 11.079729115738965 0.5866 1524751889.5640347
1 11.397714650999223 0.6391 1524751889.7279198
2 11.315591848111882 0.5866 1524751889.9060524
1 11.427171743339246 0.6391 1524751890.0752404
2 11.25632671128274 0.5866 1524751890.268259
1 11.505456960770227 0.6391 1524751890.4233484
2 11.23565868145909 0.5866 1524751890.631742
1 11.647066152928527 0.6391 1524751890.7588925
2 10.980600392409794 0.5866 1524751890.9966207
1 11.58179668259211 0.6391 1524751891.109451
2 11.007173573611633 0.5866 1524751891.3558502
1 11.552873647870259 0.6391 1524751891.4609137
2 11.045755421828032 0.5866 1524751891.7212117
1 11.36274150640283 0.6391 1524751891.8166783
2 10.892137562655172 0.5866 1524751892.0987818
1 11.296960866631863 0.6391 1524751892.1729236
2 10.954469716091586 0.5866 1524751892.4512684
1 11.26268962633366 0.6391 1524751892.5246117
2 11.13057140098991 0.5866 1524751892.799558
1 11.426111257497434 0.6391 1524751892.8661344
2 11.322946584453703 0.5866 1524751893.1589956
1 11.564188039981188 0.6391 1524751893.2094057
2 11.2612705589482 0.5866 1524751893.5182078
1 11.59268382860848 0.6391 1524751893.5599518
2 10.977006947578882 0.5866 1524751893.8913417
1 11.499269521793858 0.6391 1524751893.914816
1 11.462381399166548 0.6391 1524751894.256566
2 10.91853526778246 0.5866 1524751894.279731
1 11.467859304450196 0.6391 1524751894.6081576
2 10.893991505529723 0.5866 1524751894.6309223
1 11.425004995288344 0.6391 1524751894.959199
2 10.783914601027814 0.5866 1524751895.0026276
1 11.4428043727629 0.6391 1524751895.3063414
2 10.768320118576892 0.5866 1524751895.3757558
1 11.403596914193777 0.6391 1524751895.6589332
2 10.805284535149646 0.5866 1524751895.7282906
1 11.319360769017338 0.6391 1524751896.0194478
2 11.232767140926361 0.5866 1524751896.0716245
1 11.299966848082779 0.6391 1524751896.3710978
2 11.22116283182272 0.5866 1524751896.4471118
1 11.315843618131884 0.6391 1524751896.7179887
2 11.411958730615602 0.5866 1524751896.7796667
1 11.468523061775647 0.6391 1524751897.0649652
2 11.223726308389987 0.5866 1524751897.1391847
1 11.49422649199931 0.6391 1524751897.4119215
2 11.547250784090252 0.5866 1524751897.4829402
1 11.472223318130203 0.6391 1524751897.7666097
2 11.530862844606606 0.5866 1524751897.8205512
1 11.389184987897401 0.6391 1524751898.1196415
2 11.623834646537594 0.5866 1524751898.171478
1 11.372850454175575 0.6391 1524751898.4674087
2 11.428163564630164 0.5866 1524751898.5301416
1 11.43647960468471 0.6391 1524751898.8159828
2 11.151170766262661 0.5866 1524751898.8981292
1 11.483476675084749 0.6391 1524751899.1642303
2 10.681627308356816 0.5866 1524751899.295355
1 11.512598074064773 0.6391 1524751899.5088792
2 10.714258228827745 0.5866 1524751899.6495514
1 11.528711355344782 0.6391 1524751899.8568344
2 10.57213023784036 0.5866 1524751900.034156
1 11.595903433106665 0.6391 1524751900.2002752
2 10.953035389917039 0.5866 1524751900.3913224
1 11.589990652333931 0.6391 1524751900.5448902
2 10.83352092436239 0.5866 1524751900.7575028
1 11.5299549466557 0.6391 1524751900.8953614
2 10.94836620045522 0.5866 1524751901.1295075
1 11.455026662824727 0.6391 1524751901.2479877
2 10.912431752146102 0.5866 1524751901.490349
1 11.42903331560834 0.6391 1524751901.5955317
2 10.903009449882454 0.5866 1524751901.8585107
1 11.432306325868343 0.6391 1524751901.9459434
2 10.983423268391606 0.5866 1524751902.2227242
1 11.389398610944678 0.6391 1524751902.299469
2 11.05081371041166 0.5866 1524751902.580366
1 11.430467641782887 0.6391 1524751902.6445389
2 11.197420155997246 0.5866 1524751902.9312816
1 11.487115896282935 0.6391 1524751902.989357
2 11.280839955957315 0.5866 1524751903.284613
1 11.527284658564788 0.6391 1524751903.3397336
2 11.568178213328453 0.5866 1524751903.61578
1 11.454668081281092 0.6391 1524751903.6955256
2 11.434373891790168 0.5866 1524751903.9806345
1 11.476160085715659 0.6391 1524751904.035346
2 11.417879140782883 0.5866 1524751904.3366604
1 11.495065725399305 0.6391 1524751904.384476
1 11.461236989984732 0.6391 1524751904.7413323
