1 4 1524752430.2692926
2 4 1524752430.3777807
1 11.166757619319041 0.97 1524752431.3669975
2 10.19468883088732 0.99 1524752431.5805492
1 11.575906790003007 0.95 1524752431.612895
2 11.529115713255699 0.97 1524752431.8105483
1 12.048494376332497 0.93 1524752431.8676212
2 11.289293325113684 0.95 1524752432.110225
1 11.987207449948809 0.91 1524752432.1317616
1 11.828126944281404 0.89 1524752432.3819044
2 11.116319691978997 0.93 1524752432.4082847
1 11.62309459526668 0.87 1524752432.6458516
2 10.471010242534817 0.93 1524752432.7268388
1 11.487367666302942 0.85 1524752432.907544
2 9.902826342550712 0.937 1524752433.0216265
1 11.321702993142795 0.83 1524752433.1752262
2 9.889345202388883 0.9433 1524752433.3215034
1 11.273309743540947 0.81 1524752433.4446895
2 9.43934825330851 0.9489666666666666 1524752433.6742957
1 11.053430592740758 0.79 1524752433.732299
2 9.695528063355994 0.9540666666666666 1524752433.9630303
1 10.779001270940533 0.79 1524752434.0230787
2 9.938875231778018 0.9586333333333333 1524752434.229482
1 10.59855846054584 0.79 1524752434.3066947
2 10.212518725940058 0.9586333333333333 1524752434.4966
1 10.527910267054866 0.79 1524752434.5853453
2 10.8893909806188 0.9586333333333333 1524752434.7754488
1 10.496385608793025 0.79 1524752434.8747416
2 11.426088369313792 0.9386333333333333 1524752435.0112925
1 10.562761341338536 0.79 1524752435.1591048
2 10.919023549033376 0.9386333333333333 1524752435.3294106
1 10.535722767069425 0.79 1524752435.445883
2 11.232912099422721 0.9186333333333333 1524752435.564379
1 10.479066883174832 0.79 1524752435.7310512
2 11.152513539702658 0.8986333333333333 1524752435.8510983
1 10.441217456834803 0.79 1524752436.021799
2 10.635011707684052 0.8986333333333333 1524752436.1378934
1 10.41167644115477 0.79 1524752436.3111658
2 11.04897502632621 0.8786333333333334 1524752436.4170258
1 10.43477061844389 0.79 1524752436.5962775
2 10.489236866103925 0.8786333333333334 1524752436.7083576
1 10.434335742954795 0.79 1524752436.881507
2 10.44716838458026 0.8786333333333334 1524752436.9998417
1 10.429834400172975 0.79 1524752437.1721177
2 10.21215251500188 0.8786333333333334 1524752437.3129103
1 10.44496348955662 0.79 1524752437.4578526
2 10.047113452194479 0.8786333333333334 1524752437.611671
1 10.519784961863957 0.79 1524752437.7380424
2 10.001726184043527 0.8786333333333334 1524752437.90863
1 10.476846729362103 0.79 1524752438.024841
2 10.034425769065377 0.8786333333333334 1524752438.1960084
1 10.531152759736692 0.79 1524752438.3113055
2 10.210756335800058 0.8786333333333334 1524752438.4886477
1 10.52206615083305 0.79 1524752438.599825
2 10.24637797893282 0.8786333333333334 1524752438.7832067
1 10.418748889898412 0.79 1524752438.8922746
2 10.180040393360043 0.8786333333333334 1524752439.087077
1 10.407510791732955 0.79 1524752439.181293
2 10.23504832803281 0.8786333333333334 1524752439.3682191
1 10.363672290674735 0.79 1524752439.4690933
2 10.201547656583692 0.8786333333333334 1524752439.6649935
1 10.388742481151116 0.79 1524752439.7530112
2 10.256105456978275 0.8786333333333334 1524752439.9527473
1 10.417772327396603 0.79 1524752440.0439353
2 10.382928882507478 0.8786333333333334 1524752440.2428741
1 10.452356372871174 0.79 1524752440.3301094
2 10.438035999309339 0.8786333333333334 1524752440.5180333
1 10.458810840656636 0.79 1524752440.616297
2 10.597650562594923 0.8786333333333334 1524752440.7972555
1 10.370462451820197 0.79 1524752440.909585
2 10.516428028263945 0.8786333333333334 1524752441.0928645
1 10.406946216536584 0.79 1524752441.1958618
2 10.683900867931367 0.8786333333333334 1524752441.3697102
1 10.350267444458355 0.79 1524752441.4859223
2 10.52422526948941 0.8786333333333334 1524752441.658646
1 10.315530811092879 0.79 1524752441.7812703
2 10.535753284647607 0.8786333333333334 1524752441.9360552
1 10.366769824860196 0.79 1524752442.0727215
2 10.214616809440061 0.8786333333333334 1524752442.2663672
1 10.328752551840159 0.79 1524752442.3586144
2 9.941278491059837 0.8907666666666667 1524752442.5769596
1 10.30175975393832 0.79 1524752442.6502888
2 9.956705126830764 0.9016666666666666 1524752442.8638136
1 10.377000842945654 0.79 1524752442.9368145
2 9.660226854794157 0.9115 1524752443.1795828
1 10.325922046463795 0.79 1524752443.2287898
2 9.999185595659881 0.9203333333333333 1524752443.4680858
1 10.258394275341917 0.79 1524752443.5274103
2 10.429254566187513 0.9203333333333333 1524752443.725063
1 10.283601794920118 0.79 1524752443.8177497
2 10.725839649747757 0.9203333333333333 1524752443.9824731
1 10.261316333452829 0.79 1524752444.1082578
2 11.172510182806308 0.9003333333333333 1524752444.2527382
1 10.30113414358559 0.79 1524752444.3933942
2 11.213266408468163 0.8803333333333333 1524752444.5357323
1 10.316942249083784 0.79 1524752444.6886518
2 10.866418873642424 0.8803333333333333 1524752444.830316
1 10.339166675394713 0.79 1524752444.981744
2 10.819688832051469 0.8803333333333333 1524752445.0910306
1 10.297327075707402 0.79 1524752445.2713919
2 10.859277760347865 0.8803333333333333 1524752445.3574812
1 10.301118884796503 0.79 1524752445.5597034
2 10.642122303400415 0.8803333333333333 1524752445.6629474
1 10.344423328236537 0.79 1524752445.850734
2 10.994356190775258 0.8803333333333333 1524752445.921222
1 10.376649890796562 0.79 1524752446.1361568
2 10.716081654124114 0.8803333333333333 1524752446.2146487
1 10.4362507209857 0.79 1524752446.4204466
2 10.314508472223784 0.8803333333333333 1524752446.5205472
1 10.467302356785726 0.79 1524752446.7069392
2 10.415430103271138 0.8803333333333333 1524752446.8149385
1 10.445474658991168 0.79 1524752447.0012028
2 10.234430347074625 0.8803333333333333 1524752447.0937736
1 10.35569194398018 0.79 1524752447.2945485
2 10.196657214680052 0.8803333333333333 1524752447.3909457
1 10.342767749620174 0.79 1524752447.5840774
2 10.254861865667372 0.8803333333333333 1524752447.6907232
1 10.344217334583805 0.79 1524752447.8651392
2 10.234476123441896 0.8803333333333333 1524752447.9875124
1 10.323961292065611 0.79 1524752448.1601167
2 10.037065539578101 0.8803333333333333 1524752448.2889478
1 10.464204822600276 0.79 1524752448.4416525
2 10.118448291194534 0.8803333333333333 1524752448.5753794
1 10.466592823092995 0.79 1524752448.7312298
2 10.151018176509107 0.8803333333333333 1524752448.8730183
1 10.430299793240243 0.79 1524752449.0156777
2 10.07714274912541 0.8803333333333333 1524752449.1789658
1 10.528207813442148 0.79 1524752449.2995396
2 9.983789477467141 0.8923 1524752449.4909186
1 10.472612415389376 0.79 1524752449.5901988
2 9.880800280497974 0.9030666666666667 1524752449.7908785
1 10.494936023829387 0.79 1524752449.8734426
2 10.106111560214524 0.9030666666666667 1524752450.0604641
1 10.542619739738518 0.79 1524752450.154274
2 10.307046924358323 0.9030666666666667 1524752450.3430316
1 10.456598316238443 0.79 1524752450.4465868
2 10.259798083938284 0.9030666666666667 1524752450.6617463
1 10.52295878999486 0.79 1524752450.7296937
2 10.336481128514714 0.9030666666666667 1524752450.9510477
1 10.435396228796607 0.79 1524752451.0242147
2 10.177385364058217 0.9030666666666667 1524752451.2398999
1 10.383989368349297 0.79 1524752451.3118494
2 10.389833484571124 0.9030666666666667 1524752451.4975748
1 10.437196765909336 0.79 1524752451.5988247
2 10.718736683425941 0.9030666666666667 1524752451.7787502
1 10.386423145209292 0.79 1524752451.8834143
2 10.840822254942404 0.9030666666666667 1524752452.0591388
1 10.45224956134754 0.79 1524752452.170417
2 10.78840831441509 0.9030666666666667 1524752452.3520527
1 10.44631389239116 0.79 1524752452.4577448
2 10.573831592823996 0.9030666666666667 1524752452.6322389
1 10.48851970301666 0.79 1524752452.742266
2 10.6069431651513 0.9030666666666667 1524752452.9099238
1 10.49008372889848 0.79 1524752453.0260005
2 10.59062389021856 0.9030666666666667 1524752453.191728
1 10.550325428229433 0.79 1524752453.3110309
2 10.678255115967726 0.9030666666666667 1524752453.4753282
1 10.543558155267611 0.79 1524752453.5958166
2 10.668130909405894 0.9030666666666667 1524752453.7570195
1 10.521249805616685 0.79 1524752453.8861437
2 10.727518116547763 0.9030666666666667 1524752454.028651
1 10.411546741447502 0.79 1524752454.1822376
2 10.820390736349653 0.9030666666666667 1524752454.3004332
1 10.30531505179651 0.79 1524752454.475156
2 10.727876698091404 0.9030666666666667 1524752454.5968852
1 10.374437366378373 0.79 1524752454.7541082
2 10.568719898478546 0.9030666666666667 1524752454.8926318
1 10.336389575780162 0.79 1524752455.041919
2 10.649171863960422 0.9030666666666667 1524752455.1546764
1 10.422349964123867 0.79 1524752455.330256
2 10.566164051305817 0.9030666666666667 1524752455.4353037
1 10.46245006185482 0.79 1524752455.6212933
2 10.58304027204037 0.9030666666666667 1524752455.7304993
1 10.467767749853001 0.79 1524752455.899853
2 10.64956096308225 0.9030666666666667 1524752456.0198765
1 10.468683277198464 0.79 1524752456.1886902
2 10.328958545492883 0.9030666666666667 1524752456.3170755
1 10.468233142920278 0.79 1524752456.475812
2 10.181139026174588 0.9030666666666667 1524752456.6126919
1 10.475992237173005 0.79 1524752456.766393
2 10.21102336460915 0.9030666666666667 1524752456.9062436
1 10.414865528074781 0.79 1524752457.0515876
2 10.086412463498142 0.9030666666666667 1524752457.209527
1 10.460237537436633 0.79 1524752457.3358274
2 10.307786975629236 0.9030666666666667 1524752457.4809387
1 10.52655986422032 0.79 1524752457.61504
2 10.567461048378544 0.9030666666666667 1524752457.748202
1 10.535966907694883 0.79 1524752457.9035559
2 10.574457203176726 0.9030666666666667 1524752458.0394208
1 10.547845875002162 0.79 1524752458.192262
2 10.613252674440401 0.9030666666666667 1524752458.3400295
1 10.487237964733024 0.79 1524752458.4801419
2 10.432481800080247 0.9030666666666667 1524752458.631358
1 10.390657459182025 0.79 1524752458.7700014
2 10.14367869895637 0.9030666666666667 1524752458.930964
1 10.39721110909658 0.79 1524752459.0568893
2 10.163614306903654 0.9030666666666667 1524752459.2217286
1 10.48967937098757 0.79 1524752459.3345613
2 10.264146838829193 0.9030666666666667 1524752459.5088062
1 10.536783252911244 0.79 1524752459.6202943
2 10.39428142159112 0.9030666666666667 1524752459.785894
1 10.58313945416946 0.79 1524752459.9045374
2 10.397913013394762 0.9030666666666667 1524752460.0850198
1 10.50817302336576 0.79 1524752460.1978614
2 10.5287876474276 0.9030666666666667 1524752460.3617222
1 10.392770801471116 0.79 1524752460.4911664
2 10.59802440292766 0.9030666666666667 1524752460.6411633
1 10.318765674380156 0.79 1524752460.787626
2 10.680696522222275 0.9030666666666667 1524752460.909074
1 10.30102733206196 0.79 1524752461.0696046
2 10.79947093650601 0.9030666666666667 1524752461.196243
1 10.269029651338297 0.79 1524752461.3660827
2 10.669038807356804 0.9030666666666667 1524752461.4853296
1 10.33407786923289 0.79 1524752461.6540537
2 10.884897267231526 0.9030666666666667 1524752461.7462978
1 10.39208415596203 0.79 1524752461.9359407
2 10.750253712293233 0.9030666666666667 1524752462.0258162
1 10.385049854191115 0.79 1524752462.2302392
2 10.873254811155157 0.9030666666666667 1524752462.29906
1 10.435022388463882 0.79 1524752462.5162237
2 10.97859386164434 0.9030666666666667 1524752462.5757084
1 10.340791736432903 0.79 1524752462.81392
2 10.63429454459678 0.9030666666666667 1524752462.8764493
1 10.28543284961104 0.79 1524752463.1034873
2 10.479448352902102 0.9030666666666667 1524752463.170251
1 10.348032031856546 0.79 1524752463.3848839
2 10.377931629080205 0.9030666666666667 1524752463.4557893
1 10.412393604242054 0.79 1524752463.6687183
2 10.212335620470967 0.9030666666666667 1524752463.7513893
1 10.497255359771215 0.79 1524752463.9540083
2 10.265840564418296 0.9030666666666667 1524752464.0440373
1 10.602746998151297 0.79 1524752464.2363527
2 10.39240459053294 0.9030666666666667 1524752464.3255787
1 10.527193103967603 0.79 1524752464.5240192
2 10.485239063362114 0.9030666666666667 1524752464.600143
1 10.482584034060281 0.79 1524752464.8128452
2 10.722879444664123 0.9030666666666667 1524752464.869645
1 10.500665699133025 0.79 1524752465.0947077
2 11.001749074089801 0.8830666666666667 1524752465.1324184
1 10.447504077940254 0.79 1524752465.3871062
2 10.82659343411511 0.8830666666666667 1524752465.4345386
1 10.41121867748204 0.79 1524752465.6772213
2 10.760149037018701 0.8830666666666667 1524752465.7172022
1 10.415910755127511 0.79 1524752465.965381
2 10.428796802514784 0.8830666666666667 1524752466.021008
1 10.322908435618332 0.79 1524752466.2576847
2 10.299768481961948 0.8830666666666667 1524752466.2962081
1 10.386713062202025 0.79 1524752466.5421653
2 10.579416309631272 0.8830666666666667 1524752466.5712936
1 10.439668689742069 0.79 1524752466.8254387
2 10.51666453949486 0.8830666666666667 1524752466.856422
1 10.424600635514784 0.79 1524752467.1177354
2 10.568712269083996 0.8830666666666667 1524752467.1577592
1 10.422639881116595 0.79 1524752467.4098847
2 10.343965564563804 0.8830666666666667 1524752467.456322
1 10.356752429821995 0.79 1524752467.7008762
2 10.164377246358212 0.8830666666666667 1524752467.7523286
1 10.405679737042048 0.79 1524752467.9826734
2 10.024286303714455 0.8830666666666667 1524752468.0537658
1 10.433740650180253 0.79 1524752468.265893
2 10.219797168336434 0.8830666666666667 1524752468.3304696
1 10.49574473965121 0.79 1524752468.5533423
2 10.347589526972898 0.8830666666666667 1524752468.6161911
1 10.50437358488212 0.79 1524752468.8413923
2 10.36863139712928 0.8830666666666667 1524752468.9111211
1 10.396898303920214 0.79 1524752469.1344986
2 10.610658680294945 0.8830666666666667 1524752469.184341
1 10.438402210247528 0.79 1524752469.4191554
2 10.428361927025696 0.8830666666666667 1524752469.4804354
1 10.37046245182019 0.79 1524752469.7094827
2 10.2819538456983 0.8830666666666667 1524752469.7832308
1 10.306200061563771 0.79 1524752470.0051684
1 6 frame freq 1524752470.006878
1 13.162370721180679 0.77 1524752470.3291836
2 9.79017833208699 0.8947333333333334 1524752470.4103916
2 6 frame freq 1524752470.412029
1 18.52968225354269 0.75 1524752470.651622
2 12.568552055523833 0.8747333333333334 1524752470.737714
1 18.39168176500441 0.73 1524752470.9811685
2 17.980426881425885 0.8547333333333333 1524752471.0775244
1 17.8166848156912 0.71 1524752471.3271332
2 17.620014283098318 0.8347333333333333 1524752471.4210484
1 17.68399438575655 0.69 1524752471.6575723
2 17.603397461778297 0.8147333333333333 1524752471.7588859
1 17.554905030047347 0.67 1524752472.01123
2 17.278934570548937 0.7947333333333333 1524752472.113908
1 16.885578246574067 0.65 1524752472.3714497
2 16.481494993868278 0.7747333333333334 1524752472.4896276
1 16.13463220025345 0.63 1524752472.7528472
2 16.676181883879348 0.7547333333333334 1524752472.8331459
1 15.86211590443201 0.61 1524752473.1257539
2 17.55112085035281 0.7347333333333333 1524752473.1730542
1 15.753816648859193 0.59 1524752473.5137837
2 17.43074426321452 0.7147333333333333 1524752473.536944
2 17.129184814410646 0.6947333333333333 1524752473.8751173
1 15.295930905818807 0.57 1524752473.91369
2 16.698032469857537 0.6747333333333333 1524752474.24108
1 14.93309216002578 0.55 1524752474.3190534
2 16.548069090671973 0.6547333333333333 1524752474.5969203
1 14.358697932881668 0.53 1524752474.7461889
2 16.58482751359201 0.6347333333333334 1524752474.965693
1 13.982858698783179 0.51 1524752475.1814222
2 16.135685056700716 0.6147333333333334 1524752475.3409553
1 13.458047906790025 0.49 1524752475.6381595
2 16.32150659024996 0.5947333333333333 1524752475.7019825
2 16.65915307525387 0.5747333333333333 1524752476.0637946
1 12.616312065378418 0.47 1524752476.1290414
2 15.546297117222652 0.5547333333333333 1524752476.4710581
1 12.347520866147285 0.45 1524752476.6087806
2 14.98137859810401 0.5347333333333333 1524752476.86213
1 12.127824820816198 0.43 1524752477.1154919
2 14.404977840194443 0.5147333333333334 1524752477.3070474
1 11.697008169623112 0.41 1524752477.643335
2 13.788301508479385 0.49473333333333336 1524752477.73213
2 14.163324397361517 0.47473333333333334 1524752478.15284
1 11.35722545414646 0.39 1524752478.180972
2 14.336923640848934 0.4547333333333333 1524752478.5711677
1 10.603258167585842 0.39 1524752478.7697117
2 14.309518855641631 0.43473333333333336 1524752478.9922745
1 10.179109607225488 0.39 1524752479.3512688
2 13.252809564122579 0.41473333333333334 1524752479.4743576
1 10.258066211376466 0.39 1524752479.9394433
2 12.609857597592956 0.3947333333333333 1524752479.961902
2 12.52154735572925 0.3747333333333333 1524752480.4352338
1 10.115221057301808 0.39 1524752480.5366402
2 12.009752310830635 0.35473333333333334 1524752480.946741
1 10.064477954179948 0.39 1524752481.131565
2 11.269426381717302 0.3347333333333333 1524752481.4989839
1 10.228830371478256 0.39 1524752481.722034
2 10.548280750491255 0.3347333333333333 1524752482.080805
1 10.406419788312945 0.39 1524752482.2960515
2 10.355463062143823 0.3347333333333333 1524752482.6585827
1 10.291795764661941 0.39 1524752482.8750963
2 10.426027332294783 0.3347333333333333 1524752483.2308207
1 10.296030078634672 0.39 1524752483.4488914
2 10.331628833583798 0.3347333333333333 1524752483.8204858
1 10.488122974500294 0.39 1524752484.0319757
2 10.235879932038262 0.3347333333333333 1524752484.4012363
1 10.26980784958193 0.39 1524752484.6172786
2 10.237840686436446 0.3347333333333333 1524752484.9922135
1 10.066080127034494 0.39 1524752485.2121692
2 10.030832324234453 0.3347333333333333 1524752485.598987
1 10.238039050694637 0.39 1524752485.7896826
2 10.462999378262088 0.3347333333333333 1524752486.1389015
1 10.324045215405606 0.39 1524752486.375499
2 10.624055897116762 0.3347333333333333 1524752486.728993
1 10.109224353189068 0.39 1524752486.9768338
2 10.630563770664049 0.3347333333333333 1524752487.2661085
1 10.131128344929087 0.39 1524752487.5706744
2 10.827173268100575 0.3347333333333333 1524752487.8370106
1 10.153520617920018 0.39 1524752488.1575012
2 10.676912342527721 0.3347333333333333 1524752488.4212108
1 10.099290881490877 0.39 1524752488.7475846
2 10.442941700002079 0.3347333333333333 1524752488.9846196
1 10.266183887172838 0.39 1524752489.3274024
2 10.104196582183608 0.3347333333333333 1524752489.5803957
1 10.302644763705587 0.39 1524752489.912396
2 10.79628947898055 0.3347333333333333 1524752490.095835
1 10.257570300731008 0.39 1524752490.5008667
2 10.797403370584185 0.3347333333333333 1524752490.6913693
1 10.239938769936444 0.39 1524752491.084884
2 10.31983378961652 0.3347333333333333 1524752491.2604904
1 10.28562358447467 0.39 1524752491.6630788
2 10.339067493265617 0.3347333333333333 1524752491.8537657
1 10.266840015103746 0.39 1524752492.254143
2 10.246973071707364 0.3347333333333333 1524752492.4322495
1 10.26942637985465 0.39 1524752492.8306518
2 9.92269328594709 0.40123333333333333 1524752493.0611835
1 10.438371692669346 0.39 1524752493.40217
2 10.731683765969587 0.40123333333333333 1524752493.5479164
1 10.497865711334839 0.39 1524752493.973185
2 12.477411308283749 0.3812333333333333 1524752494.0223696
1 10.49933818448212 0.39 1524752494.546066
2 11.967187918661518 0.36123333333333335 1524752494.567887
2 11.077112233409872 0.34123333333333333 1524752495.1051743
1 10.506723438402124 0.39 1524752495.1268175
2 10.633821522134959 0.34123333333333333 1524752495.6839337
1 10.521356617140324 0.39 1524752495.7077327
1 10.476076160513006 0.39 1524752496.2725415
2 10.27248576706739 0.34123333333333333 1524752496.294292
2 10.510332142022122 0.34123333333333333 1524752496.8240435
1 10.234613452543716 0.39 1524752496.8605788
2 10.54406169530761 0.34123333333333333 1524752497.4105875
1 10.150911364985465 0.39 1524752497.443259
2 10.165575061301844 0.34123333333333333 1524752498.007131
1 10.34716228087835 0.39 1524752498.0309281
2 10.310449634325595 0.34123333333333333 1524752498.5769
1 10.382127796080209 0.39 1524752498.6092432
2 10.475076709827556 0.34123333333333333 1524752499.1508725
1 10.412347827874775 0.39 1524752499.184386
1 10.406122241925678 0.39 1524752499.7532768
2 9.90556529519254 0.4071 1524752499.7854092
2 10.354806934212913 0.4071 1524752500.310048
1 10.5198765145985 0.39 1524752500.3343494
2 11.893968619208728 0.3871 1524752500.7946327
1 10.45831493001118 0.39 1524752500.8995552
2 12.667032280316636 0.3671 1524752501.2549572
1 10.259592090285564 0.39 1524752501.4939215
2 11.919374503045113 0.3471 1524752501.8040135
1 10.203111682465508 0.39 1524752502.074683
2 11.528978384153877 0.3271 1524752502.297828
1 10.251085315367375 0.39 1524752502.6632032
2 10.794351612765995 0.3271 1524752502.9434612
1 10.487871204480285 0.39 1524752503.2318325
2 10.012498889141721 0.3271 1524752503.4938903
1 10.536005054667601 0.39 1524752503.8009644
2 10.094080005016332 0.3271 1524752504.1037738
1 10.32466319636379 0.39 1524752504.3816192
2 9.905046496363441 0.39436666666666664 1524752504.705433
1 10.273988757792837 0.39 1524752504.9582293
2 10.929399525615201 0.39436666666666664 1524752505.2016406
1 10.266611133267379 0.39 1524752505.5512884
2 11.486017263468383 0.3743666666666667 1524752505.7490315
1 10.087923083618143 0.39 1524752506.1478906
2 11.427721059746524 0.35436666666666666 1524752506.2506306
1 10.023302111818092 0.39 1524752506.7493072
2 11.436540639841079 0.33436666666666665 1524752506.801795
1 10.15696910425456 0.39 1524752507.341484
2 10.938570057858849 0.33436666666666665 1524752507.363245
1 10.410448108632954 0.39 1524752507.9137974
2 10.5260029184185 0.33436666666666665 1524752507.9384644
1 10.325716052811064 0.39 1524752508.4916253
2 10.31042674614197 0.33436666666666665 1524752508.514223
1 10.285310779298307 0.39 1524752509.0685585
2 10.449869190249357 0.33436666666666665 1524752509.0933144
1 10.439615283980247 0.39 1524752509.6533256
2 10.108049426429066 0.33436666666666665 1524752509.698255
1 10.364839588040192 0.39 1524752509.7200346
1 4 frame freq 1524752509.7214658
2 10.09845927748543 0.33436666666666665 1524752509.7523642
2 4 frame freq 1524752509.7537591
1 10.259607349074642 0.39 1524752510.266328
2 10.074922595312684 0.33436666666666665 1524752510.3224666
1 10.24685863078918 0.39 1524752510.8231096
2 10.297533069360137 0.33436666666666665 1524752510.8638144
1 7.320458425805831 0.451 1524752511.3636463
2 7.190709127468446 0.4009 1524752511.4270833
1 7.688488974587044 0.5059 1524752511.8270597
2 7.6181726597588 0.4608 1524752511.8921807
1 8.355516464180349 0.5553 1524752512.2482324
2 8.43584635934951 0.5147 1524752512.2875535
1 9.162431748886469 0.5997666666666667 1524752512.6620154
2 9.522439989303134 0.5632 1524752512.6858892
1 9.92441752911437 0.6397666666666667 1524752513.038554
2 10.368631397129286 0.5632 1524752513.0606759
1 10.520090137645777 0.6397666666666667 1524752513.3886793
2 10.760309254304152 0.5632 1524752513.410504
1 11.074121510748046 0.6197666666666667 1524752513.7476177
2 11.220949208775446 0.5432 1524752513.7763476
1 11.219636952913627 0.5997666666666667 1524752514.1079614
2 11.180376088582682 0.5232 1524752514.130917
1 11.111124074293539 0.5797666666666667 1524752514.4685342
2 10.756113087304145 0.5232 1524752514.515782
1 10.867036854600611 0.5797666666666667 1524752514.849886
2 10.280809436516488 0.5232 1524752514.9194431
1 10.563097034698542 0.5797666666666667 1524752515.2428586
2 10.350557361451083 0.5232 1524752515.2833138
1 10.333925281341985 0.5797666666666667 1524752515.630482
2 10.249399219172815 0.5232 1524752515.6867406
1 10.413736377682042 0.5797666666666667 1524752516.005474
2 10.321092639716516 0.5232 1524752516.0821183
1 10.579896961487638 0.5797666666666667 1524752516.379741
2 10.079431567489051 0.5232 1524752516.4728727
1 10.584207569405823 0.5797666666666667 1524752516.7656825
2 10.46126750570027 0.5232 1524752516.8354
1 10.52916911715487 0.5797666666666667 1524752517.1452415
2 10.584337269113092 0.5232 1524752517.2143943
1 10.432786975862058 0.5797666666666667 1524752517.528892
2 10.813081776375103 0.5232 1524752517.5838075
1 10.445863758112989 0.5797666666666667 1524752517.9129672
2 10.713922535467757 0.5232 1524752517.9541926
1 10.30913737846378 0.5797666666666667 1524752518.3050852
2 10.748140370004144 0.5232 1524752518.3312256
1 10.347658191523806 0.5797666666666667 1524752518.6912034
2 10.73556712779322 0.5232 1524752518.7174892
1 10.310167346727411 0.5797666666666667 1524752519.0773942
2 10.550920521003984 0.5232 1524752519.0994775
2 10.672151600331347 0.5232 1524752519.456347
1 10.332674060636528 0.5797666666666667 1524752519.4788878
2 10.600626026467651 0.5232 1524752519.835965
1 10.254114185001914 0.5797666666666667 1524752519.8612666
2 10.92180064864792 0.5232 1524752520.1902812
1 10.236749683016454 0.5797666666666667 1524752520.2492218
2 10.653520618851333 0.5232 1524752520.580897
1 10.217172656612798 0.5797666666666667 1524752520.6393418
2 10.304712329627415 0.5232 1524752521.0012467
1 10.261468921343734 0.5797666666666667 1524752521.028513
2 9.972650561430774 0.5708666666666666 1524752521.393313
1 10.286439929691031 0.5797666666666667 1524752521.4168406
2 10.189706836249131 0.5708666666666666 1524752521.7601821
1 10.482599292849375 0.5797666666666667 1524752521.7836733
2 10.52766612642942 0.5708666666666666 1524752522.1375685
1 10.48996165858575 0.5797666666666667 1524752522.1706133
2 10.794313465793271 0.5708666666666666 1524752522.5086796
1 10.602800403913108 0.5797666666666667 1524752522.5494184
2 11.159074819011755 0.5508666666666666 1524752522.833348
1 10.489099537002108 0.5797666666666667 1524752522.9277818
2 11.062265431624398 0.5308666666666667 1524752523.2213843
1 10.542543445793068 0.5797666666666667 1524752523.3080225
2 11.121515309664453 0.5108666666666667 1524752523.5875955
1 10.444788013482068 0.5797666666666667 1524752523.698068
2 10.593072925867656 0.5108666666666667 1524752523.9678206
1 10.365106616849284 0.5797666666666667 1524752524.0864384
2 10.536836658673066 0.5108666666666667 1524752524.3625476
1 10.415079151122043 0.5797666666666667 1524752524.4659905
2 10.298074756372868 0.5108666666666667 1524752524.7511342
1 10.41781810376387 0.5797666666666667 1524752524.8500516
2 10.035730395532639 0.5108666666666667 1524752525.162647
1 10.411401782951138 0.5797666666666667 1524752525.2388833
2 10.089777026492689 0.5108666666666667 1524752525.5519114
1 10.29718974660559 0.5797666666666667 1524752525.6254115
2 10.009683642554446 0.5108666666666667 1524752525.9493856
1 10.340211902447438 0.5797666666666667 1524752526.0121043
2 10.100168261863605 0.5108666666666667 1524752526.3513799
1 10.514101062927582 0.5797666666666667 1524752526.3868248
2 9.96380046375804 0.5597666666666666 1524752526.7548954
1 10.505693470138494 0.5797666666666667 1524752526.7773848
2 10.297670398461955 0.5597666666666666 1524752527.1150491
1 10.525766407187596 0.5797666666666667 1524752527.1501906
2 10.58815959578037 0.5597666666666666 1524752527.485062
1 10.36734965884565 0.5797666666666667 1524752527.5386748
2 10.914667164747918 0.5597666666666666 1524752527.8543184
1 10.35757640443291 0.5797666666666667 1524752527.9274528
2 10.89685252848426 0.5597666666666666 1524752528.2147088
1 10.289819751474678 0.5797666666666667 1524752528.3155754
2 11.185960805389966 0.5397666666666666 1524752528.5589862
1 10.26743510787829 0.5797666666666667 1524752528.713301
2 11.41879466812833 0.5197666666666667 1524752528.9053135
1 10.383760486512935 0.5797666666666667 1524752529.0859032
2 11.175325429393585 0.4997666666666667 1524752529.2874742
1 10.390871082229305 0.5797666666666667 1524752529.4762292
2 10.480531726927564 0.4997666666666667 1524752529.703349
1 10.488885913954837 0.5797666666666667 1524752529.8524077
2 10.13101390401091 0.4997666666666667 1524752530.0901973
1 10.399286304412945 0.5797666666666667 1524752530.2373314
2 10.245103870043726 0.4997666666666667 1524752530.4594114
1 10.519006763620313 0.5797666666666667 1524752530.6101089
2 10.535188709451234 0.4997666666666667 1524752530.8441668
1 10.461328540856638 0.5797666666666667 1524752530.999345
2 10.311800037160143 0.4997666666666667 1524752531.252464
1 10.512689624936678 0.5797666666666667 1524752531.378327
2 10.028291735850823 0.4997666666666667 1524752531.655587
1 10.368097339511106 0.5797666666666667 1524752531.7682116
2 10.266717944791019 0.4997666666666667 1524752532.0091262
1 10.331575427821976 0.5797666666666667 1524752532.1615274
2 10.318239246156509 0.4997666666666667 1524752532.4177313
1 10.44143870927661 0.5797666666666667 1524752532.526468
2 10.338785205667435 0.4997666666666667 1524752532.8183684
1 10.514375721131225 0.5797666666666667 1524752532.9089031
2 10.00473979488898 0.4997666666666667 1524752533.2105007
1 10.66494182248589 0.5797666666666667 1524752533.2849922
2 9.930360827465291 0.5497666666666666 1524752533.6275983
1 10.612978016236758 0.5797666666666667 1524752533.659794
2 10.148454699941832 0.5497666666666666 1524752534.0000713
1 10.547861133791253 0.5797666666666667 1524752534.0484223
2 10.431963001251159 0.5497666666666666 1524752534.3612149
1 10.440835987107524 0.5797666666666667 1524752534.4342291
2 10.779466664007808 0.5497666666666666 1524752534.7389593
1 10.400369678438407 0.5797666666666667 1524752534.813771
2 10.790727650356908 0.5497666666666666 1524752535.1131403
1 10.427797351829334 0.5797666666666667 1524752535.1961946
2 10.666284595925891 0.5497666666666666 1524752535.4835336
1 10.441667591112974 0.5797666666666667 1524752535.5822291
2 10.692071949489549 0.5497666666666666 1524752535.863493
1 10.413110767329316 0.5797666666666667 1524752535.9662886
2 10.601655994731297 0.5497666666666666 1524752536.242326
1 10.51050761809667 0.5797666666666667 1524752536.3440828
2 10.790773426724183 0.5497666666666666 1524752536.5956647
1 10.542863880363978 0.5797666666666667 1524752536.7211082
2 10.804979359367831 0.5497666666666666 1524752536.970839
1 10.477609668816653 0.5797666666666667 1524752537.1110346
2 11.03819469183348 0.5297666666666667 1524752537.3315573
1 10.365434680814733 0.5797666666666667 1524752537.4968932
2 10.828226124547852 0.5297666666666667 1524752537.7041762
1 10.332544360929258 0.5797666666666667 1524752537.8838162
2 10.322458301340149 0.5297666666666667 1524752538.131739
1 10.42650035475661 0.5797666666666667 1524752538.2607203
2 9.936098132163474 0.5767666666666666 1524752538.539348
1 10.510927234796679 0.5797666666666667 1524752538.63908
2 10.227098498916435 0.5767666666666666 1524752538.879209
1 10.499620472080299 0.5797666666666667 1524752539.0255635
2 10.623361622213134 0.5767666666666666 1524752539.2621515
1 10.422479663831142 0.5797666666666667 1524752539.4125268
2 10.996622120955259 0.5767666666666666 1524752539.634369
1 10.421564136485692 0.5797666666666667 1524752539.7966735
2 10.715745960764117 0.5767666666666666 1524752539.9995155
1 10.413133655512956 0.5797666666666667 1524752540.17697
2 11.177484548049954 0.5567666666666666 1524752540.3353052
1 10.48394969568392 0.5797666666666667 1524752540.556153
2 10.946786915784308 0.5567666666666666 1524752540.7265363
1 10.376489673511113 0.5797666666666667 1524752540.9484656
2 10.84258464508241 0.5567666666666666 1524752541.1051211
1 10.441347156542069 0.5797666666666667 1524752541.3283312
2 10.616792713509488 0.5567666666666666 1524752541.466207
1 10.41906169507478 0.5797666666666667 1524752541.707397
2 11.113710439044445 0.5367666666666666 1524752541.8043983
1 10.468301807471187 0.5797666666666667 1524752542.0951228
2 11.041742360297118 0.5167666666666667 1524752542.1949747
1 10.404886280009313 0.5797666666666667 1524752542.4796395
2 11.008455311895272 0.4967666666666667 1524752542.5552366
1 10.350557361451083 0.5797666666666667 1524752542.8675852
2 10.457407032060273 0.4967666666666667 1524752542.952006
1 10.289743457529214 0.5797666666666667 1524752543.259988
2 10.358537708145644 0.4967666666666667 1524752543.3541026
1 10.423143421156604 0.5797666666666667 1524752543.6302996
2 10.209360156598239 0.4967666666666667 1524752543.7306175
1 10.423265491469332 0.5797666666666667 1524752544.0173423
2 10.206453357276427 0.4967666666666667 1524752544.1274765
1 10.471826587751194 0.5797666666666667 1524752544.4066548
2 10.222856555549164 0.4967666666666667 1524752544.5245526
1 10.369836841467466 0.5797666666666667 1524752544.7903025
2 10.04895213627993 0.4967666666666667 1524752544.9274993
1 10.401903186742041 0.5797666666666667 1524752545.1723728
2 10.090089831669049 0.4967666666666667 1524752545.319653
1 10.523729358843953 0.5797666666666667 1524752545.5439985
2 10.17519572782367 0.4967666666666667 1524752545.7045143
1 10.523164783647587 0.5797666666666667 1524752545.9304519
2 10.298898730983776 0.4967666666666667 1524752546.0918086
1 10.492761646383936 0.5797666666666667 1524752546.316278
2 10.208566699565514 0.4967666666666667 1524752546.4932046
1 10.494775806543927 0.5797666666666667 1524752546.6877615
2 10.188493762516412 0.4967666666666667 1524752546.882715
1 10.413835559811135 0.5797666666666667 1524752547.083742
2 9.974252734285315 0.5470666666666667 1524752547.293601
1 10.399263416229315 0.5797666666666667 1524752547.474416
2 10.334520374116533 0.5470666666666667 1524752547.6541278
1 10.292863879898317 0.5797666666666667 1524752547.8539984
2 10.369340930822016 0.5470666666666667 1524752548.0373316
1 10.38596538153657 0.5797666666666667 1524752548.242557
2 10.878000294562426 0.5470666666666667 1524752548.3994844
1 10.515901600040308 0.5797666666666667 1524752548.6152873
2 10.838869129938757 0.5470666666666667 1524752548.7608898
1 10.502847705973036 0.5797666666666667 1524752548.9953423
2 10.838243519586037 0.5470666666666667 1524752549.1444407
1 10.51739696137123 0.5797666666666667 1524752549.3806992
2 10.820779835471471 0.5470666666666667 1524752549.5083869
1 10.524377857380328 0.5797666666666667 1524752549.7575192
2 10.789079701135085 0.5470666666666667 1524752549.873831
1 10.621835743304036 0.5797666666666667 1524752550.1275742
