1 0.2654759883880615
2 0.4424409866333008
3 0.6522741317749023
4 0.8338510990142822
5 0.9822537899017334
6 1.1294622421264648
7 1.2824630737304688
8 1.3994958400726318
9 1.5306205749511719
10 1.670074224472046
11 1.8200013637542725
12 1.9290013313293457
13 2.0594449043273926
14 2.2093632221221924
15 2.3606481552124023
16 2.4608943462371826
17 2.5999274253845215
18 2.7199690341949463
19 2.8698534965515137
20 3.0047740936279297
21 3.139495611190796
22 3.27022647857666
23 3.4103548526763916
24 3.529371500015259
25 3.6532950401306152
26 3.7695200443267822
27 3.8710923194885254
28 3.9692599773406982
29 4.100131034851074
30 4.189465045928955
31 4.264544725418091
32 4.404480695724487
33 4.54947304725647
34 4.651410818099976
35 4.740381479263306
36 4.863758563995361
37 4.969432830810547
38 5.089868545532227
39 5.198482036590576
40 5.3294243812561035
41 5.403992652893066
42 5.491391897201538
43 5.599866628646851
44 5.708079814910889
45 5.844207525253296
46 5.946077823638916
47 6.079942941665649
48 6.199526309967041
49 6.319479942321777
50 6.428961753845215
51 6.559463977813721
52 6.682583332061768
53 6.804047584533691
54 6.925213575363159
55 7.0099310874938965
56 7.114674806594849
57 7.220632076263428
58 7.339462518692017
59 7.459450960159302
60 7.565228700637817
61 7.681752681732178
62 7.80399227142334
63 7.939477920532227
64 8.049330472946167
65 8.135621547698975
66 8.251443862915039
67 8.359866857528687
68 8.453598260879517
69 8.569573163986206
70 8.68947458267212
71 8.80933165550232
72 8.891926050186157
73 9.021341562271118
74 9.126192331314087
75 9.229879379272461
76 9.31299090385437
77 9.42555832862854
78 9.51442575454712
79 9.620015144348145
80 9.69252061843872
81 9.859506845474243
82 9.979827880859375
83 10.062144994735718
84 10.176545858383179
85 10.283153772354126
86 10.369896411895752
87 10.475812911987305
88 10.571974992752075
89 10.671721935272217
90 10.773074865341187
91 10.85320234298706
92 10.969336032867432
93 11.078866720199585
94 11.164040088653564
95 11.2528657913208
96 11.41261100769043
97 11.506131887435913
98 11.618069648742676
99 11.722211360931396
100 11.834274768829346
101 11.94632625579834
102 12.050251483917236
103 12.152569055557251
104 12.286798477172852
105 12.379159212112427
106 12.491100072860718
107 12.572557210922241
108 12.66929817199707
109 12.813106060028076
110 12.932466506958008
111 12.993423461914062
112 13.157249927520752
113 13.234018564224243
114 13.358268022537231
115 13.481253147125244
116 13.538608312606812
117 13.620628356933594
118 13.713470935821533
119 13.812989473342896
120 13.937605619430542
121 14.048545598983765
122 14.167394161224365
123 14.290862798690796
124 14.405707359313965
125 14.524571418762207
126 14.642931699752808
127 14.746885776519775
128 14.859867334365845
129 15.002707242965698
130 15.102611064910889
131 15.20058822631836
132 15.280794620513916
133 15.3664231300354
134 15.482209205627441
135 15.579750776290894
136 15.670796632766724
137 15.766250848770142
138 15.885228633880615
139 15.997486591339111
140 16.087230682373047
141 16.169974327087402
142 16.29206418991089
143 16.400573015213013
144 16.476696729660034
145 16.59561014175415
146 16.70021414756775
147 16.80532693862915
148 16.924876928329468
149 17.05264925956726
150 17.164987325668335
151 17.290963888168335
152 17.408558130264282
153 17.524779081344604
154 17.66966438293457
155 17.790729761123657
156 17.939958095550537
157 18.07054853439331
158 18.19152283668518
159 18.373775959014893
160 18.48094916343689
161 18.63224148750305
162 18.7810640335083
163 18.90014624595642
164 19.028376579284668
165 19.14129137992859
166 19.264771938323975
167 19.414100646972656
168 19.542113304138184
169 19.709341287612915
170 19.830520153045654
171 19.999009370803833
172 20.100059509277344
173 20.280210971832275
174 20.410163402557373
175 20.524283409118652
176 20.679565906524658
177 20.793476581573486
178 20.91014313697815
179 21.030966758728027
180 21.16950035095215
181 21.289459705352783
182 21.441019535064697
183 21.559481859207153
184 21.664904832839966
185 21.829510927200317
186 21.93885040283203
187 22.06966805458069
188 22.189453840255737
189 22.331109762191772
190 22.45984697341919
191 22.541375637054443
192 22.6506404876709
193 22.789530992507935
194 22.89348578453064
195 23.045320510864258
196 23.163320779800415
197 23.285417318344116
198 23.419485330581665
199 23.539488077163696
200 23.689471006393433
201 23.809449195861816
202 23.93013906478882
203 24.04968547821045
204 24.20021915435791
205 24.32002544403076
206 24.422053337097168
207 24.559468269348145
208 24.709486961364746
209 24.79056167602539
210 24.919477939605713
211 25.021245002746582
212 25.130542516708374
213 25.23374104499817
214 25.32561993598938
215 25.462369918823242
216 25.579500198364258
217 25.68626618385315
218 25.81995129585266
219 25.921577215194702
220 26.042489051818848
221 26.182535409927368
222 26.299508333206177
223 26.410940647125244
224 26.497002601623535
225 26.62947392463684
226 26.730215311050415
227 26.854602336883545
228 26.953957557678223
229 27.043170928955078
230 27.146897792816162
231 27.2464702129364
232 27.349515199661255
233 27.469918251037598
234 27.55961585044861
235 27.689157485961914
236 27.761371850967407
237 27.906641483306885
238 28.023093700408936
239 28.12950587272644
240 28.232487440109253
241 28.350374221801758
242 28.49451518058777
243 28.613959312438965
244 28.683424711227417
245 28.760131120681763
246 28.88085961341858
247 28.97022581100464
248 29.072179555892944
249 29.17995023727417
250 29.336342811584473
251 29.449892044067383
252 29.557146549224854
253 29.675113201141357
254 29.796144247055054
255 29.912041902542114
256 30.006448984146118
257 30.113457918167114
258 30.23285222053528
259 30.324596881866455
260 30.452386379241943
261 30.542524099349976
262 30.67954730987549
263 30.803290367126465
264 30.9194598197937
265 31.0204496383667
266 31.133199453353882
267 31.250251293182373
268 31.38123917579651
269 31.519572019577026
270 31.64019799232483
271 31.772589683532715
272 31.940165996551514
273 32.08965730667114
274 32.239948987960815
275 32.38985538482666
276 32.539836168289185
277 32.659549951553345
278 32.81708860397339
279 32.95936560630798
280 33.079495429992676
281 33.20020818710327
282 33.32237195968628
283 33.47033619880676
284 33.60164999961853
285 33.75614523887634
286 33.901604652404785
287 34.039690017700195
288 34.17004919052124
289 34.31167650222778
290 34.43086123466492
291 34.56149196624756
292 34.709343910217285
293 34.84942936897278
294 35.00121331214905
295 35.150002002716064
296 35.281697273254395
297 35.41941523551941
298 35.552820920944214
299 35.68953084945679
300 35.84023451805115
301 35.97037196159363
302 36.110026597976685
303 36.216450214385986
304 36.349512338638306
305 36.484925985336304
306 36.63106656074524
307 36.77658462524414
308 36.87720966339111
309 36.99806261062622
310 37.12959027290344
311 37.23689270019531
312 37.36984372138977
313 37.52745294570923
314 37.66996908187866
315 37.81946301460266
316 37.94003748893738
317 38.089972257614136
318 38.20976996421814
319 38.34710383415222
320 38.51094937324524
321 38.62957429885864
322 38.73069739341736
323 38.869431495666504
324 39.01955580711365
325 39.13944387435913
326 39.250436544418335
327 39.40971779823303
328 39.51038885116577
329 39.649900674819946
330 39.76932430267334
331 39.89069724082947
332 40.03951120376587
333 40.165523290634155
334 40.27949333190918
335 40.39953923225403
336 40.50542426109314
337 40.647021532058716
338 40.759472608566284
339 40.882715940475464
340 41.01191282272339
341 41.136598110198975
342 41.25698280334473
343 41.373021364212036
344 41.49625015258789
345 41.6114981174469
346 41.76435899734497
347 41.8892240524292
348 41.97105169296265
349 42.092305421829224
350 42.21001696586609
351 42.338074684143066
352 42.45636487007141
353 42.58943057060242
354 42.695884227752686
355 42.81464457511902
356 42.965651750564575
357 43.08684515953064
358 43.19995617866516
359 43.3287992477417
360 43.46962070465088
361 43.59127378463745
362 43.72215461730957
363 43.84312629699707
364 43.95618200302124
365 44.07873773574829
366 44.19530916213989
367 44.33945941925049
368 44.47122764587402
369 44.63372564315796
370 44.73960876464844
371 44.843555212020874
372 44.94276523590088
373 45.06051754951477
374 45.190574169158936
375 45.33095908164978
376 45.45509481430054
377 45.58485126495361
378 45.693706035614014
379 45.840434551239014
380 45.933013677597046
381 46.05285668373108
382 46.18632650375366
383 46.296863317489624
384 46.38340950012207
385 46.47561597824097
386 46.621965646743774
387 46.71513843536377
388 46.836907625198364
389 46.96531581878662
390 47.07831859588623
391 47.20231771469116
392 47.29208064079285
393 47.40206718444824
394 47.527026653289795
395 47.61691880226135
396 47.76799726486206
397 47.857802391052246
398 47.98529934883118
399 48.09328317642212
400 48.214831590652466
401 48.3314323425293
402 48.45131206512451
403 48.55254316329956
404 48.675628423690796
405 48.78252935409546
406 48.9033739566803
407 49.021491050720215
408 49.11758232116699
409 49.23658633232117
410 49.36479592323303
411 49.47509503364563
412 49.59178066253662
413 49.727399826049805
414 49.85955047607422
415 49.952043771743774
416 50.08994483947754
417 50.19097089767456
418 50.34485363960266
419 50.463927030563354
420 50.61063075065613
421 50.73020100593567
422 50.88748478889465
423 51.0667929649353
424 51.179927825927734
425 51.32025599479675
426 51.46947169303894
427 51.619619846343994
428 51.77192735671997
429 51.919487953186035
430 52.06950855255127
431 52.19457030296326
432 52.311994552612305
433 52.45981168746948
434 52.56023645401001
435 52.69944715499878
436 52.851088762283325
437 52.9694390296936
438 53.071136236190796
439 53.21027207374573
440 53.336894035339355
441 53.4794557094574
442 53.58510136604309
443 53.72564697265625
444 53.839494943618774
445 53.97141075134277
446 54.10947275161743
447 54.23211193084717
448 54.35562753677368
449 54.459299087524414
450 54.54561948776245
451 54.710551261901855
452 54.83537006378174
453 54.956385135650635
454 55.074042320251465
455 55.18962740898132
456 55.313475608825684
457 55.42995619773865
458 55.5500545501709
459 55.670377016067505
460 55.799742221832275
461 55.945619106292725
462 56.06472206115723
463 56.18150448799133
464 56.30207562446594
465 56.424325704574585
466 56.549867153167725
467 56.6663773059845
468 56.780619621276855
469 56.89997434616089
470 57.0318660736084
471 57.14167404174805
472 57.26979613304138
473 57.38197183609009
474 57.504016160964966
475 57.658509254455566
476 57.772337198257446
477 57.890082359313965
478 58.0120415687561
479 58.138097524642944
480 58.257107973098755
481 58.373472452163696
482 58.49328589439392
483 58.619789123535156
484 58.734602212905884
485 58.87961506843567
486 59.00104999542236
487 59.12273454666138
488 59.240179777145386
489 59.36504101753235
490 59.51194977760315
491 59.63026428222656
492 59.756537199020386
493 59.85644841194153
494 59.96981644630432
495 60.080191135406494
496 60.204699754714966
497 60.351781129837036
498 60.475419998168945
499 60.597777128219604
500 60.74258637428284
501 60.86050748825073
502 60.98154616355896
503 61.110392808914185
504 61.229413747787476
505 61.34944820404053
506 61.469449281692505
507 61.58689737319946
508 61.68285417556763
509 61.80234670639038
510 61.9232656955719
511 62.05126667022705
512 62.19066858291626
513 62.309672594070435
514 62.43513059616089
515 62.57947659492493
516 62.761332750320435
517 62.94065761566162
518 63.119476318359375
519 63.35943150520325
520 63.59936594963074
521 63.83965182304382
522 64.05656719207764
523 64.25948095321655
524 64.49955797195435
525 64.68134641647339
526 64.86525344848633
527 65.0135018825531
528 65.22241997718811
529 65.40012741088867
530 65.57946443557739
531 65.75999546051025
532 65.9411678314209
533 66.1392662525177
534 66.30300045013428
535 66.48075580596924
536 66.65947103500366
537 66.83977246284485
538 67.02037382125854
539 67.17154669761658
540 67.3206205368042
541 67.5298855304718
542 67.70991683006287
543 67.89215207099915
544 68.06972479820251
545 68.24986982345581
546 68.40146994590759
547 68.57970213890076
548 68.72950410842896
549 68.87987637519836
550 69.05934929847717
551 69.22944474220276
552 69.42401146888733
553 69.57951021194458
554 69.74990797042847
555 69.92989778518677
556 70.10934352874756
557 70.28950476646423
558 70.47821044921875
559 70.64958930015564
560 70.8295202255249
561 71.00938701629639
562 71.16113257408142
563 71.33414244651794
564 71.48771858215332
565 71.639164686203
566 71.82010912895203
567 71.96205234527588
568 72.14581251144409
569 72.31976294517517
570 72.4695975780487
571 72.62590408325195
572 72.76947593688965
573 72.92001342773438
574 73.06993293762207
575 73.22005271911621
576 73.39933753013611
577 73.54949641227722
578 73.69980764389038
579 73.86208248138428
580 74.05950021743774
581 74.24006485939026
582 74.39333915710449
583 74.53948712348938
584 74.6727225780487
585 74.82083988189697
586 74.99237728118896
587 75.13964462280273
588 75.2638509273529
589 75.4122850894928
590 75.559978723526
591 75.67956733703613
592 75.80655407905579
593 75.9494857788086
594 76.07615661621094
595 76.18948006629944
596 76.29536557197571
597 76.43934488296509
598 76.57949447631836
599 76.71063375473022
600 76.87946844100952
601 76.99950647354126
602 77.14940047264099
603 77.26996231079102
604 77.38970637321472
605 77.53990268707275
606 77.66182947158813
607 77.7660608291626
608 77.89997124671936
609 78.04463815689087
610 78.17295956611633
611 78.27998042106628
612 78.3916506767273
613 78.54015135765076
614 78.68058800697327
615 78.78722333908081
616 78.91976690292358
617 79.02184510231018
618 79.15949583053589
619 79.28006362915039
620 79.39954566955566
621 79.51945209503174
622 79.63988852500916
623 79.74286317825317
624 79.87953233718872
625 79.98619222640991
626 80.11998295783997
627 80.22756242752075
628 80.35006928443909
629 80.47950887680054
630 80.58527255058289
631 80.72139596939087
632 80.79771113395691
633 80.91259980201721
634 81.00347018241882
635 81.1509964466095
636 81.26993608474731
637 81.39679336547852
638 81.51687955856323
639 81.65939950942993
640 81.75234603881836
641 81.8613018989563
642 81.99072480201721
643 82.0994713306427
644 82.2106683254242
645 82.31126022338867
646 82.41032886505127
647 82.53323793411255
648 82.65405559539795
649 82.74375796318054
650 82.85957336425781
651 82.95300912857056
652 83.04878091812134
653 83.16157650947571
654 83.25118803977966
655 83.33109712600708
656 83.4592821598053
657 83.58000302314758
658 83.69124984741211
659 83.82629323005676
660 83.9483494758606
661 84.06015038490295
662 84.18394207954407
663 84.30337429046631
664 84.39850902557373
665 84.5097587108612
666 84.5726010799408
667 84.68984770774841
668 84.80062294006348
669 84.87058472633362
670 84.99912190437317
671 85.10840845108032
672 85.23160552978516
673 85.32022833824158
674 85.41475439071655
675 85.51946377754211
676 85.622385263443
677 85.75269484519958
678 85.86021256446838
679 85.98432636260986
680 86.07550501823425
681 86.18963718414307
682 86.28044939041138
683 86.37536978721619
684 86.52435994148254
685 86.64075565338135
686 86.76187562942505
687 86.88511633872986
688 86.97421026229858
689 87.09379649162292
690 87.2012391090393
691 87.30193734169006
692 87.42308592796326
693 87.54885149002075
694 87.63305377960205
695 87.74990057945251
696 87.8399338722229
697 87.96245217323303
698 88.05341243743896
699 88.15081572532654
700 88.27212190628052
701 88.3726954460144
702 88.47159552574158
703 88.5893669128418
704 88.71009731292725
705 88.80192613601685
706 88.89665341377258
707 89.01750826835632
708 89.1433777809143
709 89.25783801078796
710 89.3444893360138
711 89.45005822181702
712 89.55381107330322
713 89.67386507987976
714 89.81343841552734
715 89.88915801048279
716 90.0108687877655
717 90.12029719352722
718 90.2339026927948
719 90.3367075920105
720 90.45250964164734
721 90.54896330833435
722 90.65175271034241
723 90.76456928253174
724 90.87935948371887
725 90.97612285614014
726 91.06994843482971
727 91.16050910949707
728 91.27911710739136
729 91.40299201011658
730 91.5113263130188
731 91.63947343826294
732 91.72945237159729
733 91.81009244918823
734 91.86566257476807
735 91.94018816947937
736 92.02991127967834
737 92.14947557449341
738 92.27210259437561
739 92.39242053031921
740 92.48708820343018
741 92.59946298599243
742 92.69024682044983
743 92.80947971343994
744 92.92952680587769
745 93.05014729499817
746 93.16946506500244
747 93.27776169776917
748 93.38295292854309
749 93.53000020980835
750 93.63234615325928
751 93.75486445426941
752 93.87719202041626
753 93.96383428573608
754 94.06980013847351
755 94.18992209434509
756 94.29287815093994
757 94.39065217971802
758 94.49327945709229
759 94.59595656394958
760 94.72949361801147
761 94.83237290382385
762 94.94158101081848
763 95.06021904945374
764 95.15943193435669
765 95.28360223770142
766 95.40214848518372
767 95.54071545600891
768 95.65947484970093
769 95.76395535469055
770 95.87071204185486
771 95.97569823265076
772 96.07965016365051
773 96.17024946212769
774 96.27487754821777
775 96.38397812843323
776 96.47240877151489
777 96.57909059524536
778 96.71129989624023
779 96.81903100013733
780 96.93667697906494
781 97.05415868759155
782 97.17389011383057
783 97.29239153862
784 97.3746862411499
785 97.47857475280762
786 97.55050754547119
787 97.67009949684143
788 97.77172493934631
789 97.90949010848999
790 98.02947497367859
791 98.14402079582214
792 98.26993894577026
793 98.38165974617004
794 98.48015332221985
795 98.61113715171814
796 98.7199764251709
797 98.82250356674194
798 98.94184970855713
799 99.02093839645386
800 99.15180706977844
801 99.27274489402771
802 99.40932822227478
803 99.529776096344
804 99.68160820007324
805 99.79946279525757
806 99.9539725780487
807 100.05121684074402
808 100.18965911865234
809 100.29466605186462
810 100.42948079109192
811 100.53360295295715
812 100.66952753067017
813 100.8512864112854
814 100.99079275131226
815 101.14948797225952
816 101.27018451690674
817 101.42345452308655
818 101.56211280822754
819 101.68947768211365
820 101.8188829421997
821 101.92950367927551
822 102.04946494102478
823 102.17187762260437
824 102.29600763320923
825 102.42288851737976
826 102.54529523849487
827 102.67934060096741
828 102.79953050613403
829 102.92057538032532
830 103.04239082336426
831 103.18939805030823
832 103.32136178016663
833 103.45994472503662
834 103.59174346923828
835 103.72948408126831
836 103.8307797908783
837 103.96979022026062
838 104.07195544242859
839 104.20940065383911
840 104.3119568824768
841 104.43337512016296
842 104.56972432136536
843 104.72860288619995
844 104.84074878692627
845 104.94142866134644
846 105.07948756217957
847 105.18589162826538
848 105.3041524887085
849 105.43953847885132
850 105.5429379940033
851 105.65840315818787
852 105.75095796585083
853 105.88998007774353
854 105.9647855758667
855 106.07041120529175
856 106.18947243690491
857 106.28180241584778
858 106.40570092201233
859 106.50461626052856
860 106.62469816207886
861 106.73418807983398
862 106.8697578907013
863 106.99947929382324
864 107.10590553283691
865 107.20971488952637
866 107.32995533943176
867 107.43859338760376
868 107.54312491416931
869 107.66205978393555
870 107.73677611351013
871 107.82610702514648
872 107.91957116127014
873 108.00052332878113
874 108.08021712303162
875 108.19029951095581
876 108.3254144191742
877 108.44062662124634
878 108.53188633918762
879 108.62239098548889
880 108.74673628807068
881 108.82950329780579
882 108.93774390220642
883 109.05885148048401
884 109.15131974220276
885 109.27172183990479
886 109.41826009750366
887 109.54948687553406
888 109.63978981971741
889 109.73104000091553
890 109.85046482086182
891 109.95670771598816
892 110.05525970458984
893 110.15628099441528
894 110.26999092102051
895 110.37435913085938
896 110.49012041091919
897 110.5852324962616
898 110.68420028686523
899 110.80362963676453
900 110.91818642616272
901 111.02037262916565
902 111.12646746635437
903 111.2448103427887
904 111.33719229698181
905 111.47252607345581
906 111.5816376209259
907 111.68746948242188
908 111.78907752037048
909 111.89662408828735
910 111.99359941482544
911 112.08849000930786
912 112.17341184616089
913 112.26571822166443
914 112.34391379356384
915 112.4533338546753
916 112.51328945159912
917 112.63119792938232
918 112.7297260761261
919 112.83889627456665
920 112.94006681442261
921 113.01321029663086
922 113.1115996837616
923 113.23427963256836
924 113.32238578796387
925 113.40996670722961
926 113.49888324737549
927 113.6173210144043
928 113.6942811012268
929 113.78991365432739
930 113.87973666191101
931 113.99131512641907
932 114.13261699676514
933 114.25405263900757
934 114.35135912895203
935 114.44990468025208
936 114.56339025497437
937 114.6519844532013
938 114.72295546531677
939 114.84529781341553
940 114.96259546279907
941 115.0862410068512
942 115.17366075515747
943 115.27106595039368
944 115.37967777252197
945 115.44195079803467
946 115.55975985527039
947 115.62266397476196
948 115.75787138938904
949 115.86392021179199
950 115.98450994491577
951 116.10066819190979
952 116.18156218528748
953 116.25242257118225
954 116.33945965766907
955 116.46349930763245
956 116.55767250061035
957 116.65652990341187
958 116.76021647453308
959 116.84667468070984
960 116.96725869178772
961 117.07438564300537
962 117.14990377426147
963 117.24342608451843
