1 11.01404765809709 0.99 1524981417.4332669
1 11.481836355257476 0.99 1524981417.6880202
2 10.682031666267719 0.99 1524981417.9105654
1 11.990007437746993 0.99 1524981417.9335792
2 11.480073965117473 0.99 1524981418.149264
1 12.084779776790697 0.97 1524981418.18312
1 12.156412162178029 0.95 1524981418.4240355
2 11.193338429915418 0.99 1524981418.445431
1 12.140016593299844 0.93 1524981418.6788132
2 11.84825328709233 0.99 1524981418.7073317
1 11.93589214223603 0.93 1524981418.9386976
2 11.59768108203576 0.99 1524981418.9633248
2 11.578294790495741 0.99 1524981419.188714
1 11.806337393459563 0.93 1524981419.2182224
1 11.617265737833948 0.93 1524981419.4538794
2 11.815767325117758 0.99 1524981419.4756281
1 11.554498708908445 0.93 1524981419.7175777
2 11.235208547180909 0.99 1524981419.7515135
1 11.607057607932127 0.93 1524981419.9717872
2 11.255746877297296 0.99 1524981420.0094984
1 11.564188039981179 0.93 1524981420.2346215
2 10.772089039482342 0.99 1524981420.2983932
1 11.653673208604893 0.93 1524981420.4847102
2 11.146127736468104 0.99 1524981420.5354645
1 11.71792796946676 0.93 1524981420.7426577
2 11.641565359461245 0.99 1524981420.7787373
1 11.729158438237677 0.93 1524981421.0002508
2 12.014864005176097 0.97 1524981421.0287445
1 11.720781363026765 0.93 1524981421.2565353
2 11.824663199157754 0.97 1524981421.3098476
1 11.66832164613217 0.93 1524981421.5151296
2 11.491373098439299 0.97 1524981421.5801482
1 11.70017436835947 0.93 1524981421.7664475
2 11.3013630272846 0.97 1524981421.838229
1 11.578630483855733 0.93 1524981422.03162
2 11.195062673082688 0.97 1524981422.080163
1 11.650041616801257 0.93 1524981422.286605
2 11.692956961119473 0.97 1524981422.3359735
1 11.614419973668491 0.93 1524981422.5458665
2 11.61966899711578 0.97 1524981422.6118994
1 11.575334585412104 0.93 1524981422.8024902
2 11.396371877559226 0.97 1524981422.8913035
1 11.705362356650395 0.93 1524981423.0568452
2 11.450754201879267 0.97 1524981423.128293
1 11.62208751518669 0.93 1524981423.3175676
2 11.230310475882723 0.97 1524981423.4053707
1 11.657777822870347 0.93 1524981423.5783386
2 11.5805530912812 0.97 1524981423.647463
1 11.557535207937546 0.93 1524981423.8431334
2 11.842264212374145 0.97 1524981423.9083354
1 11.560541189388456 0.93 1524981424.094707
2 11.349359548370092 0.97 1524981424.1858716
1 11.640085256919427 0.93 1524981424.3496664
2 11.208276784435427 0.97 1524981424.4757288
1 11.644655264252156 0.93 1524981424.6051853
2 10.988245045744337 0.97 1524981424.7376583
1 11.738687552024961 0.93 1524981424.8620975
2 10.664003406956795 0.97 1524981425.0320873
1 11.67563060610673 0.93 1524981425.124231
2 11.040414845646206 0.97 1524981425.2732828
1 11.498033559877488 0.93 1524981425.393349
2 11.436883962595624 0.97 1524981425.5250516
1 11.48347667508475 0.93 1524981425.6496537
2 11.117769276942637 0.97 1524981425.8169007
1 11.501497305001127 0.93 1524981425.9071505
2 11.778345144872263 0.97 1524981426.0540943
1 11.506563222979317 0.93 1524981426.1677654
2 11.355501210979195 0.97 1524981426.3299868
1 11.629388845766693 0.93 1524981426.4282022
2 11.533304250861153 0.97 1524981426.5658226
1 11.603441274917577 0.93 1524981426.6846807
2 11.189493215064504 0.97 1524981426.890702
1 11.564676321232094 0.93 1524981426.944458
2 11.162530934740847 0.97 1524981427.1261523
1 11.614839590368492 0.93 1524981427.2031343
2 11.335092580570088 0.97 1524981427.389668
1 11.667688406384904 0.93 1524981427.454289
2 11.022516286042555 0.97 1524981427.6554632
1 11.68590740055947 0.93 1524981427.7132094
1 11.730135000739503 0.93 1524981427.9706097
2 11.025323903235284 0.97 1524981427.9921875
2 10.928354298562473 0.97 1524981428.2239532
1 11.69721416327584 0.93 1524981428.2478504
1 11.619791067428496 0.93 1524981428.4868186
2 10.731279408058672 0.97 1524981428.5109658
1 11.568613088817543 0.93 1524981428.7477996
2 10.738695179556865 0.97 1524981428.77117
1 11.55077556437026 0.93 1524981429.007763
2 11.342668569353725 0.97 1524981429.0350616
1 11.54083446327753 0.93 1524981429.2665606
2 11.298379934017326 0.97 1524981429.2885795
1 11.49611858184658 0.93 1524981429.5311925
2 11.528154409542973 0.97 1524981429.5568743
1 11.534402883675702 0.93 1524981429.7889924
2 11.436388051950162 0.97 1524981429.8205411
1 11.561754263121184 0.93 1524981430.0437627
2 11.51328471957387 0.97 1524981430.0773625
1 11.68037608951401 0.93 1524981430.2916331
2 11.235773122377273 0.97 1524981430.3511207
1 11.761125601383167 0.93 1524981430.5511987
2 11.47533611110475 0.97 1524981430.5981266
1 11.709863699432209 0.93 1524981430.815645
2 11.948244132005133 0.97 1524981430.8381596
1 11.640611685143066 0.93 1524981431.073049
2 11.702104605179482 0.97 1524981431.1031291
1 11.528169668332067 0.93 1524981431.3325212
2 11.779420889503177 0.97 1524981431.3698626
1 11.57184795210482 0.93 1524981431.5877733
2 11.723856009028587 0.97 1524981431.6163793
1 11.563509023866635 0.93 1524981431.8549836
2 11.010217702035273 0.97 1524981431.916614
1 11.596368826173942 0.93 1524981432.1082287
2 11.444849050501077 0.97 1524981432.1518555
1 11.624483145073953 0.93 1524981432.3709898
2 11.338457143564632 0.97 1524981432.4281063
1 11.504015005201127 0.93 1524981432.6316977
2 11.110025441478992 0.97 1524981432.6967661
1 11.619287527388494 0.93 1524981432.8871176
2 11.435663259468349 0.97 1524981432.9703655
1 11.642343557704889 0.93 1524981433.1405864
2 11.056528126926223 0.97 1524981433.2397616
1 11.669107473770366 0.93 1524981433.3931391
2 11.202417409424514 0.97 1524981433.4996352
1 11.772249258630442 0.93 1524981433.647749
2 11.345613515648276 0.97 1524981433.754183
1 11.792963064821377 0.93 1524981433.9018521
2 11.366189992737388 0.97 1524981434.021859
1 11.805276907617747 0.93 1524981434.1560748
2 11.645998037692163 0.97 1524981434.2685282
1 11.769029654132265 0.93 1524981434.4181106
2 11.443651235557443 0.97 1524981434.548524
1 11.753191031055882 0.93 1524981434.670056
2 11.614984548864864 0.97 1524981434.787451
1 11.653383291612165 0.93 1524981434.9305904
2 11.443124807333815 0.97 1524981435.0703216
1 11.66925243226673 0.93 1524981435.1849155
2 11.297273671808233 0.97 1524981435.3307304
1 11.650690115337614 0.93 1524981435.4448977
2 11.23256114727364 0.97 1524981435.6169229
1 11.723695791743134 0.93 1524981435.6975486
2 11.10334209185717 0.97 1524981435.8683193
1 11.666650808726724 0.93 1524981435.9638383
2 10.942812001226123 0.97 1524981436.1660886
1 11.54140666786843 0.93 1524981436.2241955
2 11.027383839762557 0.97 1524981436.4231286
1 11.599947012215752 0.93 1524981436.4788392
2 11.37246135505375 0.97 1524981436.6722662
1 11.502222097482946 0.93 1524981436.7402184
2 11.495187795712027 0.97 1524981436.9123268
1 11.488283193648389 0.93 1524981437.0089366
2 11.406999624161047 0.97 1524981437.2188735
1 11.593568838375756 0.93 1524981437.2626438
2 11.59417918993939 0.97 1524981437.4568105
1 11.542543447655703 0.93 1524981437.519118
1 11.585870779279377 0.93 1524981437.7786465
2 10.774805103940523 0.97 1524981437.807639
2 10.810609852542374 0.97 1524981438.023197
1 11.642229116786696 0.93 1524981438.0454893
2 11.364191091366472 0.97 1524981438.2748623
1 11.578355825652107 0.93 1524981438.3023689
2 11.078088795911691 0.97 1524981438.5405037
1 11.469766653086554 0.93 1524981438.56522
1 11.465044057862922 0.93 1524981438.8211024
2 11.522157705430237 0.97 1524981438.8429933
1 11.544038808986622 0.93 1524981439.0733173
2 11.212717092060894 0.97 1524981439.0953965
1 11.544900930570256 0.93 1524981439.3390043
2 11.053545033658937 0.97 1524981439.3683047
2 11.284235036530037 0.97 1524981439.6055686
1 11.552423513592084 0.93 1524981439.6273444
1 11.451547658911991 0.93 1524981439.8700309
2 11.490510976855667 0.97 1524981439.8940675
1 11.427202260917428 0.93 1524981440.1268103
2 11.340486562513728 0.97 1524981440.1509662
1 11.435670888862887 0.93 1524981440.38975
2 11.601678884777577 0.97 1524981440.4156134
1 11.497362173157489 0.93 1524981440.6480942
2 11.36949352057556 0.97 1524981440.6701422
1 11.588624990710295 0.93 1524981440.9060464
2 11.47242931178293 0.97 1524981440.929955
1 11.534357107308425 0.93 1524981441.1675925
2 11.531999624393876 0.97 1524981441.1914134
1 11.587656057603022 0.93 1524981441.4197505
2 11.360918081106472 0.97 1524981441.4491086
1 11.621019399950324 0.93 1524981441.682567
2 11.605112112323027 0.97 1524981441.7048082
2 11.842889822726862 0.97 1524981441.9323826
1 11.547021902253897 0.93 1524981441.9563444
1 11.57935527633756 0.93 1524981442.20155
2 11.723192251703132 0.97 1524981442.224035
1 11.50747875032477 0.93 1524981442.4638593
2 11.245111501300917 0.97 1524981442.5160582
1 11.57512096236482 0.93 1524981442.7178347
2 11.017229115622541 0.97 1524981442.7774737
1 11.489229238572026 0.93 1524981442.9875698
2 11.036844288998926 0.97 1524981443.0173893
1 11.459344900137456 0.93 1524981443.2500818
2 11.265955007199121 0.97 1524981443.283101
1 11.51922038853023 0.93 1524981443.5059927
2 12.003236807888824 0.95 1524981443.5301893
1 11.376428640217393 0.93 1524981443.7716384
2 11.589075124988469 0.95 1524981443.8129196
1 11.54760936563389 0.93 1524981444.0256271
2 11.510423696619323 0.95 1524981444.0595229
1 11.579294241181195 0.93 1524981444.286098
2 11.369966543037384 0.95 1524981444.3391564
1 11.554391897384805 0.93 1524981444.5454817
2 10.949686085711585 0.95 1524981444.6120586
1 11.589273489246658 0.93 1524981444.8065
2 11.510683096033858 0.95 1524981444.8555768
1 11.560632742122994 0.93 1524981445.066918
2 11.130212819446278 0.95 1524981445.1388514
1 11.610445059110315 0.93 1524981445.3216827
2 10.874437367309698 0.95 1524981445.4399624
1 11.531404531619337 0.93 1524981445.585013
2 11.111574208571723 0.95 1524981445.6962802
1 11.546854055573894 0.93 1524981445.8488686
2 10.739580189324133 0.95 1524981445.9731576
1 11.566736257759368 0.93 1524981446.104834
2 10.836771046438757 0.95 1524981446.2462587
1 11.539796865619342 0.93 1524981446.357878
2 10.870409046989705 0.95 1524981446.543929
1 11.65205577696126 0.93 1524981446.615377
2 10.567247425331267 0.95 1524981446.8303392
1 11.686075247239469 0.93 1524981446.8717308
2 10.591440235434918 0.95 1524981447.1078143
1 11.695009268252196 0.93 1524981447.129915
2 10.952219044700682 0.95 1524981447.3424006
1 11.615671194373945 0.93 1524981447.3893802
2 11.239717519357274 0.95 1524981447.6113575
1 11.47850993923565 0.93 1524981447.667236
2 11.544473684475713 0.95 1524981447.8705058
1 11.423318899093792 0.93 1524981447.9233582
2 11.34185222413736 0.95 1524981448.165116
1 11.363100087946473 0.93 1524981448.186877
1 11.440523183793813 0.93 1524981448.4394114
2 10.729791676122304 0.95 1524981448.4607341
1 11.487703359662941 0.93 1524981448.7057505
2 10.869363819936966 0.95 1524981448.7275224
1 11.45851329613201 0.93 1524981448.97052
2 10.803590809560559 0.95 1524981448.9945245
1 11.50837901888114 0.93 1524981449.231363
2 11.03826335638438 0.95 1524981449.2526636
1 11.460878408441102 0.93 1524981449.4934835
2 11.653169668564887 0.95 1524981449.5170758
1 11.5244999295557 0.93 1524981449.745534
2 11.472894704850198 0.95 1524981449.7666142
1 11.59635356738484 0.93 1524981450.004684
2 11.233934438291818 0.95 1524981450.0470061
1 11.572130239703005 0.93 1524981450.2642097
2 11.62983898004487 0.95 1524981450.2884896
1 11.4925632839884 0.93 1524981450.5321512
2 11.108980214426262 0.95 1524981450.569164
1 11.458910024648373 0.93 1524981450.7906396
2 10.85418132479151 0.95 1524981450.8657043
1 11.521760976913876 0.93 1524981451.0501451
2 10.781923329051438 0.95 1524981451.160511
1 11.447862661346544 0.93 1524981451.3125951
2 10.319269214420146 0.95 1524981451.4499698
1 11.567178762643008 0.93 1524981451.5717206
2 10.344537769154725 0.95 1524981451.7297823
1 11.547540701082982 0.93 1524981451.829447
2 10.881067311169707 0.95 1524981451.9690595
1 11.45391277122109 0.93 1524981452.0928757
2 11.247591054528195 0.95 1524981452.226122
1 11.623270071341228 0.93 1524981452.3443096
2 11.72276500560858 0.95 1524981452.4756887
1 11.580087698213921 0.93 1524981452.6050122
2 11.838655508754139 0.95 1524981452.7435386
1 11.638315237384884 0.93 1524981452.8618762
2 11.827348746037758 0.95 1524981452.9827137
1 11.686731375170375 0.93 1524981453.1252391
2 11.184694325895416 0.95 1524981453.2990327
1 11.486063039835656 0.93 1524981453.3906546
2 10.713953053045929 0.95 1524981453.595207
1 11.471437490492011 0.93 1524981453.6551244
2 10.886255299460625 0.95 1524981453.8461094
1 11.4453220729629 0.93 1524981453.910964
2 10.169565234649125 0.95 1524981454.169845
1 11.461717641841094 0.93 1524981454.191515
2 10.784799610795078 0.95 1524981454.4118772
1 11.520731008650241 0.93 1524981454.4344506
2 11.149423634911749 0.95 1524981454.6717765
1 11.578821218719371 0.93 1524981454.6978972
1 11.60672954396667 0.93 1524981454.949721
2 10.826189076204214 0.95 1524981454.9713273
1 11.57001689741391 0.93 1524981455.2076318
2 11.450059926975635 0.95 1524981455.2292078
1 11.59443858935394 0.93 1524981455.4680784
2 11.280183828026406 0.95 1524981455.4898036
1 11.564752615177545 0.93 1524981455.7271173
2 10.721361195149571 0.95 1524981455.786244
1 11.545473135161165 0.93 1524981455.9851797
1 6 frame freq 1524981455.9869275
2 10.884988819966079 0.95 1524981456.059668
2 6 frame freq 1524981456.061113
1 14.88772778005847 0.91 1524981456.2700315
2 13.315584222442629 0.93 1524981456.3758204
1 20.494388678100698 0.89 1524981456.568293
2 18.315265749237074 0.91 1524981456.7113132
1 20.03416834032941 0.87 1524981456.8710666
2 17.698947999065652 0.89 1524981457.060449
1 20.123798467449483 0.85 1524981457.16569
2 18.003421876585907 0.87 1524981457.378164
1 20.055255986853044 0.83 1524981457.4673638
2 19.256595707045108 0.85 1524981457.6775806
1 19.716266728409146 0.81 1524981457.7722607
2 19.36688623459431 0.83 1524981457.9979055
1 19.4288979534598 0.79 1524981458.0858543
2 18.403659914440773 0.81 1524981458.3311167
1 18.96974573092488 0.77 1524981458.4090433
2 18.21425256545516 0.79 1524981458.6563725
1 18.40405664295713 0.75 1524981458.7373497
2 18.177280519487855 0.77 1524981458.9898791
1 18.19984826855333 0.73 1524981459.0683792
2 18.543125246731815 0.75 1524981459.3115015
1 17.640506836847422 0.71 1524981459.4258974
2 18.40703210682988 0.73 1524981459.6419592
1 16.811908812843086 0.69 1524981459.7784898
2 17.768299195483895 0.71 1524981459.9789526
1 16.621036620104757 0.67 1524981460.140437
2 17.553333374770983 0.69 1524981460.3249798
1 16.610263915006577 0.65 1524981460.503249
2 17.380130859799937 0.67 1524981460.6728413
1 16.522525877733777 0.63 1524981460.8647544
2 17.37923059124357 0.65 1524981461.0162401
1 15.373765988971606 0.61 1524981461.2814796
2 16.44737634146098 0.63 1524981461.4001346
1 15.168993039371442 0.59 1524981461.6620922
2 15.972543761083012 0.61 1524981461.7690039
1 15.285623593787895 0.57 1524981462.0664055
2 16.461917967464636 0.59 1524981462.1312573
1 14.15065960241605 0.55 1524981462.5068972
2 16.113971799824338 0.57 1524981462.5290585
2 15.890962645208399 0.55 1524981462.8900363
1 13.592172662899218 0.53 1524981462.950725
2 15.540910764673567 0.53 1524981463.2852857
1 13.56352428638102 0.51 1524981463.3918993
2 15.376443906457066 0.51 1524981463.6634977
1 13.526804010433708 0.49 1524981463.8361926
2 14.878488583263927 0.49 1524981464.0926716
1 12.968362847284158 0.47 1524981464.3150527
2 14.034303706203227 0.47 1524981464.5198216
1 12.461259880031017 0.45 1524981464.805696
2 13.811136286353953 0.45 1524981464.9613492
1 12.092691458934352 0.43 1524981465.3172104
2 13.986505549375911 0.43 1524981465.3810277
1 11.525850332390245 0.43 1524981465.8426683
2 13.14041332367885 0.41 1524981465.874129
1 11.402353322882865 0.43 1524981466.369861
2 12.170007743258045 0.39 1524981466.4017444
2 11.91235546006329 0.39 1524981466.880634
1 11.378946340417386 0.43 1524981466.9029126
2 11.889703787657819 0.39 1524981467.3735604
1 11.231088674126367 0.43 1524981467.431138
2 12.530641594027434 0.37 1524981467.8433857
1 11.410974538719234 0.43 1524981467.9466343
2 11.551828420817538 0.37 1524981468.411059
1 10.987367665371611 0.43 1524981468.5206
2 11.02852061954983 0.37 1524981468.9253328
1 10.890245472807896 0.43 1524981469.0481763
2 11.301698720644607 0.37 1524981469.474467
1 11.43245128436471 0.43 1524981469.570687
2 11.084604298853517 0.37 1524981470.0083466
1 11.38139537606648 0.43 1524981470.1026978
2 11.32697490477371 0.37 1524981470.5323443
1 11.288499868080947 0.43 1524981470.6328335
2 11.51266673861569 0.37 1524981471.0507224
1 11.360597646535565 0.43 1524981471.158735
2 11.31328777095916 0.37 1524981471.5947027
1 11.31463054439916 0.43 1524981471.6931188
2 11.518503225442958 0.37 1524981472.0940688
1 10.93229869554248 0.43 1524981472.258739
2 11.793458975466827 0.37 1524981472.6121957
1 11.075021779304409 0.43 1524981472.7765055
2 11.379877126551932 0.37 1524981473.1478212
1 11.32901195311735 0.43 1524981473.3190982
2 11.611452139190309 0.37 1524981473.645425
1 10.764635121011429 0.43 1524981473.8945816
2 11.666208303843083 0.37 1524981474.17506
1 10.825418507355113 0.43 1524981474.4271312
2 10.885957753073347 0.37 1524981474.747409
1 11.483598745397472 0.43 1524981474.9365723
2 10.938676869382483 0.37 1524981475.27231
1 11.395639455682854 0.43 1524981475.4866433
2 11.603120840346667 0.37 1524981475.7809796
1 11.298189199153693 0.43 1524981475.9992902
2 11.81999400969594 0.37 1524981476.2888205
1 11.52345470250296 0.43 1524981476.5195062
2 11.119936024993544 0.37 1524981476.8611546
1 11.254228627782739 0.43 1524981477.0645092
2 10.557672535176707 0.37 1524981477.4248507
1 11.32525829100098 0.43 1524981477.5837893
2 10.82537273098784 0.37 1524981477.9690166
1 11.382593191010123 0.43 1524981478.1361325
2 10.852296864338777 0.37 1524981478.532136
1 10.823099171413292 0.43 1524981478.686245
2 11.077447926769873 0.37 1524981479.052132
1 10.818170582536927 0.43 1524981479.2368262
2 11.49588970001021 0.37 1524981479.5734558
1 11.194887197008153 0.43 1524981479.7586992
2 11.58606151414302 0.37 1524981480.0877397
1 11.152154958159018 0.43 1524981480.3071468
2 11.336168325200996 0.37 1524981480.6338582
1 11.184778249235414 0.43 1524981480.831606
2 11.373323476637394 0.37 1524981481.1413388
1 11.365900075744648 0.43 1524981481.363108
2 11.785676993030458 0.37 1524981481.6500342
1 11.394029653433766 0.43 1524981481.883392
2 11.479608572050202 0.37 1524981482.1866155
1 11.56250194378663 0.43 1524981482.3999405
2 11.458940542226552 0.37 1524981482.7012155
1 11.340555227064627 0.43 1524981482.9423037
2 10.99848369322435 0.37 1524981483.279007
1 10.990533864107977 0.43 1524981483.493618
2 11.184831654997227 0.37 1524981483.774604
1 11.101121938044438 0.43 1524981484.0241723
2 11.499696767888395 0.37 1524981484.3213484
1 11.140733754524462 0.43 1524981484.5678663
2 11.013200795302547 0.37 1524981484.8640547
1 10.507043872973028 0.43 1524981485.1673682
2 11.117349660242633 0.37 1524981485.400407
1 10.521715198683955 0.43 1524981485.715395
2 11.145967519182655 0.37 1524981485.9391584
1 10.958330189731594 0.43 1524981486.262621
2 10.880075489878791 0.37 1524981486.5035958
1 10.64705089227678 0.43 1524981486.834471
2 10.806543385249647 0.37 1524981487.047569
1 10.494363819238478 0.43 1524981487.407256
2 11.011522328502542 0.37 1524981487.5933986
1 10.92328838058429 0.43 1524981487.9346862
2 10.809778248536915 0.37 1524981488.1588964
1 11.418756521155606 0.43 1524981488.4590943
2 11.029558217208006 0.37 1524981488.6810653
1 11.181467092002684 0.43 1524981489.006019
2 11.429155385921067 0.37 1524981489.2070465
1 11.293718373950046 0.43 1524981489.5271342
2 11.689638174492192 0.37 1524981489.7089999
1 11.54006389442843 0.43 1524981490.045943
2 11.359361684619193 0.37 1524981490.264462
1 11.198305165764522 0.43 1524981490.5914464
2 11.13593486535537 0.37 1524981490.7874217
1 11.177858388382685 0.43 1524981491.1180742
2 11.342447316911914 0.37 1524981491.3206265
1 11.085557973171689 0.43 1524981491.6718786
2 11.253358876804558 0.37 1524981491.8560755
1 11.227464711717271 0.43 1524981492.1950166
2 11.374727285233757 0.37 1524981492.3775294
1 11.358308828171925 0.43 1524981492.746419
2 11.78734020104136 0.37 1524981492.869589
1 11.05159953804985 0.43 1524981493.275227
2 12.158906974194398 0.35 1524981493.3630083
1 10.834184681687855 0.43 1524981493.835206
2 11.465440786379279 0.35 1524981493.923447
1 10.861284291113334 0.43 1524981494.3860848
2 10.1942158084255 0.35 1524981494.5414758
1 11.106866872137163 0.43 1524981494.920396
2 10.099641833639968 0.35 1524981495.1038837
1 11.047960316851665 0.43 1524981495.4666212
2 10.44006541825844 0.35 1524981495.6916742
1 11.091035878455335 0.43 1524981496.003438
1 11.05352214547531 0.43 1524981496.0355105
1 4 frame freq 1524981496.0369904
2 11.093820607464425 0.35 1524981496.2196863
2 10.78860667867327 0.35 1524981496.2712405
2 4 frame freq 1524981496.2726898
1 11.240449941233638 0.43 1524981496.5366864
2 11.148736989402662 0.35 1524981496.7974293
1 7.883519187352654 0.487 1524981497.0472684
2 10.393953357625662 0.35 1524981497.3422718
1 8.204973251009307 0.5383 1524981497.5028663
2 7.354168905604949 0.415 1524981497.9053538
1 8.746385605533401 0.5844666666666667 1524981497.9321752
1 9.65082744071414 0.626 1524981498.2905066
2 7.872590079666283 0.4735 1524981498.3464189
1 10.337640796485616 0.626 1524981498.661167
2 8.341630966107601 0.5261333333333333 1524981498.7810402
1 10.644151722349513 0.626 1524981499.034868
2 9.507349046892209 0.5735 1524981499.1663353
1 10.795503651342365 0.626 1524981499.40234
2 10.06280711677448 0.5735 1524981499.514169
1 10.949617421160672 0.626 1524981499.7555676
2 11.169282948913581 0.5735 1524981499.8548226
1 11.069246327633502 0.626 1524981500.1194193
2 11.668787039199445 0.5735 1524981500.1936324
1 11.115419423422624 0.626 1524981500.4818604
2 11.223306691689988 0.5735 1524981500.582798
1 10.920740162806108 0.626 1524981500.8547163
2 11.103204762755347 0.5735 1524981500.9339385
1 10.798059498515096 0.626 1524981501.2325506
2 11.129205739366276 0.5735 1524981501.2751222
1 10.874940907349698 0.626 1524981501.5851505
2 11.218225514922707 0.5735 1524981501.652904
1 10.849573170486048 0.626 1524981501.9605973
2 11.139429128057188 0.5735 1524981502.0111153
1 10.927331959693388 0.626 1524981502.3265316
2 11.034608876397114 0.5735 1524981502.3602805
1 10.776041065856887 0.626 1524981502.6988225
2 11.122034108493537 0.5735 1524981502.7332623
2 11.393259084584676 0.5735 1524981503.0681098
1 10.812654530280554 0.626 1524981503.0906224
1 10.881952320936984 0.626 1524981503.4282517
2 10.923357045135203 0.5735 1524981503.4594996
1 10.95498088552613 0.626 1524981503.7968543
2 11.088037526398965 0.5735 1524981503.8222933
2 10.991624867527982 0.5735 1524981504.1603434
1 10.950853383077035 0.626 1524981504.1822257
2 11.266504323606394 0.5735 1524981504.5254736
1 10.919389759971558 0.626 1524981504.5476112
1 11.06115154002076 0.626 1524981504.8825514
2 10.99094585141344 0.5735 1524981504.9098701
1 11.13304332482265 0.626 1524981505.2452154
2 10.786493336384172 0.5735 1524981505.2692037
2 10.957078969026128 0.5735 1524981505.621353
1 10.966363942187959 0.626 1524981505.6443236
1 10.907098805358824 0.626 1524981505.9817724
2 11.14602092494447 0.5735 1524981506.009334
1 10.895654713540624 0.626 1524981506.3477974
2 11.032976185964374 0.5735 1524981506.3704143
1 10.981653248857064 0.626 1524981506.7150567
2 10.78356364887872 0.5735 1524981506.7381182
1 10.960977589638862 0.626 1524981507.0754688
2 10.926004445042471 0.5735 1524981507.1030602
2 11.195550954333603 0.5735 1524981507.4318247
1 10.986284291346152 0.626 1524981507.4542856
2 11.601686514172115 0.5735 1524981507.766862
1 10.931917225815207 0.626 1524981507.8112993
2 11.604387319841218 0.5735 1524981508.1177208
1 10.794900929173275 0.626 1524981508.1882837
2 11.671518362446731 0.5735 1524981508.457795
1 10.823900257840567 0.626 1524981508.546235
2 11.623323477103055 0.5735 1524981508.798613
1 10.931215321517016 0.626 1524981508.9093714
2 11.398195302855596 0.5735 1524981509.1672666
1 10.967927968069784 0.626 1524981509.280155
2 11.173502004097227 0.5735 1524981509.538166
1 10.810876881351463 0.626 1524981509.658092
2 11.09359172562806 0.5735 1524981509.8784368
1 10.831468617229662 0.626 1524981510.0157535
2 10.92977336594793 0.5735 1524981510.2656083
1 11.03604320257166 0.626 1524981510.3667407
2 10.822702442896928 0.5735 1524981510.641279
1 10.83483318022422 0.626 1524981510.7701783
2 10.659753834194982 0.5735 1524981511.0040145
1 10.69374278689501 0.626 1524981511.1398818
2 11.1433735250372 0.5735 1524981511.3421576
1 10.592432056725832 0.626 1524981511.5001056
2 11.284357106842767 0.5735 1524981511.703781
1 10.958192860629774 0.626 1524981511.8632174
2 11.397180593381046 0.5735 1524981512.0606866
1 10.951257740987945 0.626 1524981512.2346811
2 11.11541179402808 0.5735 1524981512.4216619
1 10.745668446171418 0.626 1524981512.6158016
2 10.984392201498883 0.5735 1524981512.7953954
1 10.68846324586955 0.626 1524981512.9837153
2 10.749948536511415 0.5735 1524981513.1748226
1 10.807306324704191 0.626 1524981513.3441434
2 10.6667728771768 0.5735 1524981513.5468593
1 10.835069691455125 0.626 1524981513.7252817
2 10.787210499471447 0.5735 1524981513.9072616
1 10.740350758173221 0.626 1524981514.0999959
2 10.899599110520626 0.5735 1524981514.2767475
1 10.637826954271329 0.626 1524981514.4738328
2 11.141260182748104 0.5735 1524981514.6252737
1 10.93660930346066 0.626 1524981514.8210144
2 11.086786305693517 0.5735 1524981514.9896119
1 10.860078846775139 0.626 1524981515.2047305
2 11.432092702821073 0.5735 1524981515.325347
1 10.937738453853388 0.626 1524981515.5719926
2 11.208040273204519 0.5735 1524981515.6949224
1 10.68523601197682 0.626 1524981515.944451
2 11.482080495882936 0.5735 1524981516.0343883
1 10.869989430289705 0.626 1524981516.3098443
2 11.176073110059043 0.5735 1524981516.3970604
1 11.011354481822538 0.626 1524981516.6627474
2 11.287599599524592 0.5735 1524981516.761104
1 11.118516957608092 0.626 1524981517.0246813
2 11.380662954190125 0.5735 1524981517.0892103
1 11.185319936248144 0.626 1524981517.3829143
2 11.391778982042855 0.5735 1524981517.4505389
1 11.038858449158925 0.626 1524981517.750276
2 11.427896535821063 0.5735 1524981517.8139594
1 11.030252492111646 0.626 1524981518.1113276
2 11.209665334242702 0.5735 1524981518.160078
1 10.951021229757034 0.626 1524981518.4767044
2 11.542596853417532 0.5735 1524981518.4986207
1 10.985231434898878 0.626 1524981518.8423078
2 11.54957012003208 0.5735 1524981518.865666
2 11.55821422405208 0.5735 1524981519.199248
1 10.844896351629682 0.626 1524981519.2217546
2 11.164758717948118 0.5735 1524981519.56849
1 10.827875172398757 0.626 1524981519.5901706
2 10.91132548993701 0.5735 1524981519.9479733
1 10.712923084782298 0.626 1524981519.97035
2 10.968141591117046 0.5735 1524981520.294814
1 10.670976673571355 0.626 1524981520.344174
2 10.786439930622352 0.5735 1524981520.679038
1 10.666406666238625 0.626 1524981520.7101395
2 10.963586842573415 0.5735 1524981521.0415323
1 10.835634266651489 0.626 1524981521.066789
2 10.889413868802443 0.5735 1524981521.397764
1 11.071847951173506 0.626 1524981521.4297383
2 10.892023121736994 0.5735 1524981521.7810812
1 11.097650563526253 0.626 1524981521.8030999
2 10.882837330704255 0.5735 1524981522.1441941
1 11.010530507211639 0.626 1524981522.1660202
2 10.848421131909678 0.5735 1524981522.506303
1 11.017137562887996 0.626 1524981522.531418
2 11.014490162980733 0.5735 1524981522.870154
1 10.961458241495228 0.626 1524981522.8925922
2 11.097291981982616 0.5735 1524981523.2257264
1 11.00961497986618 0.626 1524981523.2473903
2 11.28470042959732 0.5735 1524981523.5660949
1 11.008440053106174 0.626 1524981523.6063275
2 11.14499095668084 0.5735 1524981523.9468658
1 11.107202565497161 0.626 1524981523.9688327
2 11.261079824084561 0.5735 1524981524.2906702
1 10.974145924624324 0.626 1524981524.3438888
2 11.033411061453467 0.5735 1524981524.6518862
1 10.782182728465983 0.626 1524981524.7192266
2 11.189348256568138 0.5735 1524981525.021962
1 10.673364674064082 0.626 1524981525.0932417
2 11.057931935522578 0.5735 1524981525.3772888
1 10.682672535409546 0.626 1524981525.4637022
2 11.138711964969925 0.5735 1524981525.7286716
1 10.734270130720502 0.626 1524981525.8358953
2 11.143442189588104 0.5735 1524981526.098305
1 10.917467152546097 0.626 1524981526.192018
2 10.946649586682494 0.5735 1524981526.4727721
1 10.939050709715216 0.626 1524981526.561332
2 11.133867299433554 0.5735 1524981526.8093493
1 11.07335094189896 0.626 1524981526.9202852
2 11.217096364529981 0.5735 1524981527.1658707
1 11.07444957471351 0.626 1524981527.2738857
2 11.538248098526608 0.5735 1524981527.513497
1 11.266824758177304 0.626 1524981527.6250868
2 11.222559011024531 0.5735 1524981527.8757937
1 11.269746816288205 0.626 1524981527.984004
2 11.096284901902619 0.5735 1524981528.2463288
1 11.1820240378045 0.626 1524981528.3472958
2 11.067705189935317 0.5735 1524981528.5978847
1 10.881898915175165 0.626 1524981528.7289677
2 11.201837575439058 0.5735 1524981528.9471705
1 10.813432728524194 0.626 1524981529.0940628
2 10.982370411944332 0.5735 1524981529.3386505
1 10.798341786113278 0.626 1524981529.4566896
2 10.91349986738246 0.5735 1524981529.699048
1 10.920663868860656 0.626 1524981529.8287728
2 10.759172474516882 0.5735 1524981530.0624266
1 10.952531849877035 0.626 1524981530.1902301
2 11.005083119506168 0.5735 1524981530.4292302
1 10.989656483735253 0.626 1524981530.5494702
2 10.349962268676542 0.5735 1524981530.8584888
1 11.089426076206246 0.626 1524981530.9116004
2 10.409235034900222 0.5735 1524981531.214839
1 10.819444691426026 0.626 1524981531.2997885
2 10.7058582654332 0.5735 1524981531.5501423
1 10.527856861293046 0.626 1524981531.6891065
2 11.340562856459185 0.5735 1524981531.9141245
1 10.212266955920068 0.626 1524981532.0870135
2 11.173822438668129 0.5735 1524981532.291082
1 10.357591663222001 0.626 1524981532.459513
2 11.019746815822552 0.5735 1524981532.6388853
1 10.577577625545826 0.626 1524981532.8271687
2 11.009195363166171 0.5735 1524981533.0026684
1 10.70320323613138 0.626 1524981533.2082794
2 11.192705190168148 0.5735 1524981533.3617146
1 10.938760792722487 0.626 1524981533.5538535
2 11.280244863182759 0.5735 1524981533.704262
1 10.89972881022791 0.626 1524981533.9230697
2 11.556444204517543 0.5735 1524981534.0430431
1 11.130792653431739 0.626 1524981534.2851522
2 11.630037344303059 0.5735 1524981534.3991458
1 10.98787120541161 0.626 1524981534.646571
2 11.665414846810359 0.5735 1524981534.7311962
1 11.129251515733552 0.626 1524981535.0028832
2 11.162500417162661 0.5735 1524981535.1167488
1 11.087549245148065 0.626 1524981535.3658605
2 11.046541249466213 0.5735 1524981535.4823802
1 10.855287587000594 0.626 1524981535.7541637
2 10.975595509587961 0.5735 1524981535.8249362
1 10.887926136866074 0.626 1524981536.1068993
