1 0.3110215663909912
2 0.6105122566223145
3 0.8495078086853027
4 1.0581767559051514
5 1.2123727798461914
6 1.3964250087738037
7 1.5380406379699707
8 1.6587471961975098
9 1.7785537242889404
10 1.8996171951293945
11 2.023385524749756
12 2.1279702186584473
13 2.203439950942993
14 2.3246145248413086
15 2.4085874557495117
16 2.518770933151245
17 2.6255176067352295
18 2.719198226928711
19 2.797933578491211
20 2.9147446155548096
21 2.9809608459472656
22 3.0734312534332275
23 3.1607375144958496
24 3.2505061626434326
25 3.3414359092712402
26 3.4336893558502197
27 3.5411250591278076
28 3.646554470062256
29 3.730987548828125
30 3.8363564014434814
31 3.917881727218628
32 3.9970412254333496
33 4.082491397857666
34 4.160143613815308
35 4.212991952896118
36 4.309245586395264
37 4.393666982650757
38 4.457234144210815
39 4.570649147033691
40 4.661478042602539
41 4.7863850593566895
42 4.898072957992554
43 4.988589525222778
44 5.088881969451904
45 5.169375896453857
46 5.288037538528442
47 5.408093690872192
48 5.5080015659332275
49 5.593334197998047
50 5.687849044799805
51 5.833021640777588
52 5.950350999832153
53 6.041433095932007
54 6.1603779792785645
55 6.288402557373047
56 6.3944854736328125
57 6.492293357849121
58 6.608083724975586
59 6.733459949493408
60 6.8205060958862305
61 6.909224271774292
62 7.028581619262695
63 7.155398368835449
64 7.270487546920776
65 7.380532264709473
66 7.482023000717163
67 7.572251081466675
68 7.633901596069336
69 7.725269079208374
70 7.808213472366333
71 7.938476800918579
72 8.04484248161316
73 8.13997745513916
74 8.23244333267212
75 8.322673320770264
76 8.408785581588745
77 8.501774787902832
78 8.62256145477295
79 8.766012907028198
80 8.855548620223999
81 8.954222917556763
82 9.038360834121704
83 9.118714094161987
84 9.2180757522583
85 9.331153869628906
86 9.448938131332397
87 9.529905557632446
88 9.641699075698853
89 9.758230686187744
90 9.848773956298828
91 9.941534996032715
92 10.058045864105225
93 10.182069540023804
94 10.301796674728394
95 10.392977714538574
96 10.506789445877075
97 10.628076791763306
98 10.725889682769775
99 10.816407680511475
100 10.901688575744629
101 11.019506692886353
102 11.133018493652344
103 11.268588542938232
104 11.353075504302979
105 11.46886682510376
106 11.558566808700562
107 11.685210704803467
108 11.777446746826172
109 11.888083696365356
110 11.977954864501953
111 12.108664512634277
112 12.223254442214966
113 12.308842420578003
114 12.398881196975708
115 12.496547222137451
116 12.618199825286865
117 12.699214458465576
118 12.793275833129883
119 12.916527509689331
120 13.034937143325806
121 13.12118935585022
122 13.208079814910889
123 13.300219297409058
124 13.429721355438232
125 13.53808307647705
126 13.628767490386963
127 13.753446102142334
128 13.869098663330078
129 13.988503217697144
130 14.108584642410278
131 14.198468446731567
132 14.318077564239502
133 14.409996509552002
134 14.510271549224854
135 14.62546992301941
136 14.742461442947388
137 14.835307598114014
138 14.925219297409058
139 15.039644956588745
140 15.1297128200531
141 15.248064756393433
142 15.376992225646973
143 15.462421417236328
144 15.528690099716187
145 15.63055682182312
146 15.722090482711792
147 15.83989953994751
148 15.958589315414429
149 16.088069200515747
150 16.240920066833496
151 16.35602593421936
152 16.448010206222534
153 16.53877305984497
154 16.694093227386475
155 16.78715419769287
156 16.906299591064453
157 17.02137303352356
158 17.114770889282227
159 17.201454162597656
160 17.293455600738525
161 17.414923667907715
162 17.532058715820312
163 17.656790494918823
164 17.78003764152527
165 17.8930721282959
166 18.020596981048584
167 18.130078315734863
168 18.20886254310608
169 18.319526195526123
170 18.401522874832153
171 18.52161979675293
172 18.64663600921631
173 18.778112173080444
174 18.898064613342285
175 18.988632678985596
176 19.094021320343018
177 19.20892834663391
178 19.305636405944824
179 19.430164098739624
180 19.543360471725464
181 19.634735107421875
182 19.738656044006348
183 19.84869408607483
184 19.970330238342285
185 20.098110914230347
186 20.22090220451355
187 20.32487463951111
188 20.44448471069336
189 20.52996277809143
190 20.649624586105347
191 20.788539171218872
192 20.881123542785645
193 20.952454090118408
194 21.088551998138428
195 21.208104133605957
196 21.311826705932617
197 21.418095350265503
198 21.5027859210968
199 21.59962224960327
200 21.688579559326172
201 21.810399532318115
202 21.92817234992981
203 22.03996467590332
204 22.150015354156494
205 22.242242574691772
206 22.377983570098877
207 22.481679677963257
208 22.573755025863647
209 22.71423578262329
210 22.818310737609863
211 22.93106698989868
212 23.068113088607788
213 23.158597230911255
214 23.25960946083069
215 23.3684344291687
216 23.48924493789673
217 23.59098982810974
218 23.68200445175171
219 23.78812575340271
220 23.908060550689697
221 24.028587818145752
222 24.14820909500122
223 24.238070964813232
224 24.34405016899109
225 24.42124843597412
226 24.526304006576538
227 24.61603879928589
228 24.722009658813477
229 24.83810830116272
230 24.958021879196167
231 25.037400484085083
232 25.169365167617798
233 25.260039806365967
234 25.348855018615723
235 25.451069831848145
236 25.54179310798645
237 25.64860963821411
238 25.77024483680725
239 25.841705560684204
240 25.96902894973755
241 26.068219900131226
242 26.1723895072937
243 26.292657375335693
244 26.417322397232056
245 26.518661499023438
246 26.594969034194946
247 26.683409452438354
248 26.794597148895264
249 26.912381649017334
250 27.0100839138031
251 27.11812686920166
252 27.220170497894287
253 27.28358507156372
254 27.390312671661377
255 27.492135763168335
256 27.614457607269287
257 27.74003028869629
258 27.882002353668213
259 28.018715143203735
260 28.126124382019043
261 28.215566873550415
262 28.304908752441406
263 28.429080963134766
264 28.52993679046631
265 28.633378267288208
266 28.753257751464844
267 28.84658193588257
268 28.97127676010132
269 29.05753445625305
270 29.184115886688232
271 29.280758142471313
272 29.38418960571289
273 29.529675006866455
274 29.63558864593506
275 29.777270793914795
276 29.889349222183228
277 30.012866020202637
278 30.133211135864258
279 30.2684063911438
280 30.37660551071167
281 30.48525595664978
282 30.61308264732361
283 30.729145526885986
284 30.856508493423462
285 31.03198504447937
286 31.156487464904785
287 31.299230098724365
288 31.4835205078125
289 31.660067796707153
290 31.89883303642273
291 32.18860411643982
292 32.410640716552734
293 32.63842797279358
294 32.80145716667175
295 32.96861720085144
296 33.100536584854126
297 33.25390362739563
298 33.40638518333435
299 33.5515992641449
300 33.6707124710083
301 33.791483640670776
302 33.908727169036865
303 34.00548505783081
304 34.11806774139404
305 34.22936677932739
306 34.35864853858948
307 34.44873809814453
308 34.543731689453125
309 34.688177824020386
310 34.81244778633118
311 34.931270122528076
312 35.02225685119629
313 35.14795923233032
314 35.25863194465637
315 35.37823534011841
316 35.49909567832947
317 35.65779423713684
318 35.80596399307251
319 35.928773164749146
320 36.01688098907471
321 36.140514850616455
322 36.25430750846863
323 36.41068387031555
324 36.551875591278076
325 36.70697474479675
326 36.82787275314331
327 36.947649240493774
328 37.06368350982666
329 37.2095787525177
330 37.329002141952515
331 37.451605796813965
332 37.57268142700195
333 37.71895790100098
334 37.869667053222656
335 37.98922038078308
336 38.11202836036682
337 38.24899244308472
338 38.369985580444336
339 38.47075939178467
340 38.608203411102295
341 38.743366718292236
342 38.88130164146423
343 38.98489308357239
344 39.09894609451294
345 39.23843574523926
346 39.388060092926025
347 39.50823092460632
348 39.62836933135986
349 39.72995328903198
350 39.89102053642273
351 39.988487005233765
352 40.11494278907776
353 40.259056091308594
354 40.40959715843201
355 40.515955686569214
356 40.64872622489929
357 40.79812455177307
358 40.902708530426025
359 41.03808903694153
360 41.1585214138031
361 41.308083057403564
362 41.42906999588013
363 41.5786337852478
364 41.71009802818298
365 41.828821420669556
366 41.96808338165283
367 42.071024656295776
368 42.20863175392151
369 42.311710357666016
370 42.453911542892456
371 42.55493497848511
372 42.68864345550537
373 42.7899169921875
374 42.931458950042725
375 43.048232555389404
376 43.17242646217346
377 43.30355453491211
378 43.43810153007507
379 43.54061222076416
380 43.67824745178223
381 43.797996044158936
382 43.92950248718262
383 44.0685601234436
384 44.19105505943298
385 44.33809447288513
386 44.488872051239014
387 44.60888695716858
388 44.742384910583496
389 44.86151194572449
390 44.97895407676697
391 45.129088163375854
392 45.26917862892151
393 45.38801622390747
394 45.50824689865112
395 45.65887641906738
396 45.77813196182251
397 45.898091316223145
398 46.0023889541626
399 46.13813066482544
400 46.2936577796936
401 46.396323680877686
402 46.5281286239624
403 46.63802409172058
404 46.76812434196472
405 46.8880341053009
406 47.0123872756958
407 47.12873840332031
408 47.27871489524841
409 47.38397574424744
410 47.49958896636963
411 47.63817524909973
412 47.758545875549316
413 47.90910339355469
414 48.028098344802856
415 48.13155817985535
416 48.249104022979736
417 48.399481773376465
418 48.519240617752075
419 48.61984968185425
420 48.76872134208679
421 48.88219118118286
422 48.97190737724304
423 49.108895778656006
424 49.23808026313782
425 49.3608238697052
426 49.51805329322815
427 49.64793539047241
428 49.74943280220032
429 49.868059396743774
430 49.979284048080444
431 50.079296350479126
432 50.23204517364502
433 50.37889218330383
434 50.474222898483276
435 50.596375465393066
436 50.70913314819336
437 50.8580219745636
438 51.01461362838745
439 51.15262818336487
440 51.25153470039368
441 51.398616552352905
442 51.518105268478394
443 51.669655561447144
444 51.82210302352905
445 51.93837094306946
446 52.057969093322754
447 52.17896914482117
448 52.27686142921448
449 52.38958263397217
450 52.5087947845459
451 52.656819581985474
452 52.774532318115234
453 52.903226137161255
454 53.0181565284729
455 53.16814613342285
456 53.28958749771118
457 53.408098220825195
458 53.53710079193115
459 53.6537926197052
460 53.79806661605835
461 53.92079710960388
462 54.044249296188354
463 54.15870499610901
464 54.29789996147156
465 54.40400147438049
466 54.52774667739868
467 54.66890811920166
468 54.79011559486389
469 54.93843865394592
470 55.05809545516968
471 55.17901349067688
472 55.288076877593994
473 55.40982007980347
474 55.53794598579407
475 55.659111738204956
476 55.80859041213989
477 55.93615436553955
478 56.04887628555298
479 56.19854211807251
480 56.32175064086914
481 56.44053292274475
482 56.55890083312988
483 56.67864370346069
484 56.828519344329834
485 56.9480938911438
486 57.09834408760071
487 57.218019247055054
488 57.34111475944519
489 57.46149444580078
490 57.59143280982971
491 57.71839761734009
492 57.8215446472168
493 57.94622206687927
494 58.05086827278137
495 58.19947528839111
496 58.31860113143921
497 58.46811580657959
498 58.58798336982727
499 58.71187233924866
500 58.82423639297485
501 58.929383277893066
502 59.05572986602783
503 59.218560457229614
504 59.324697732925415
505 59.45939660072327
506 59.578113079071045
507 59.730589151382446
508 59.90811204910278
509 60.08810997009277
510 60.3065230846405
511 60.51087546348572
512 60.6887047290802
513 60.87880039215088
514 61.0782675743103
515 61.25869798660278
516 61.46809220314026
517 61.64864754676819
518 61.84251594543457
519 62.038599491119385
520 62.21809673309326
521 62.38689970970154
522 62.638062953948975
523 62.84850716590881
524 63.05798006057739
525 63.268662214279175
526 63.50810956954956
527 63.669086933135986
528 63.898590087890625
529 64.11101412773132
530 64.28982210159302
531 64.49808716773987
532 64.70817565917969
533 64.9181215763092
534 65.09804677963257
535 65.26146173477173
536 65.42812776565552
537 65.61504745483398
538 65.78807330131531
539 65.93813061714172
540 66.08843922615051
541 66.27452254295349
542 66.39887881278992
543 66.5681266784668
544 66.74796628952026
545 66.92854523658752
546 67.1084451675415
547 67.28807640075684
548 67.45114183425903
549 67.64809966087341
550 67.80081844329834
551 67.98069286346436
552 68.15833830833435
553 68.32904005050659
554 68.47264051437378
555 68.62406539916992
556 68.82168054580688
557 68.95531630516052
558 69.0745861530304
559 69.20838952064514
560 69.37927460670471
561 69.51938343048096
562 69.64664387702942
563 69.78886103630066
564 69.92866206169128
565 70.06889319419861
566 70.20897340774536
567 70.34873080253601
568 70.50948548316956
569 70.70019292831421
570 70.84038281440735
571 71.0121967792511
572 71.14380669593811
573 71.32526230812073
574 71.45370268821716
575 71.6208746433258
576 71.80009627342224
577 71.94879055023193
578 72.0986168384552
579 72.28379440307617
580 72.43453192710876
581 72.57713437080383
582 72.75794315338135
583 72.91770577430725
584 73.05807089805603
585 73.17818522453308
586 73.29868984222412
587 73.4211778640747
588 73.591055393219
589 73.71808648109436
590 73.90191769599915
591 74.04810309410095
592 74.19815826416016
593 74.34803795814514
594 74.50296545028687
595 74.67808032035828
596 74.85796976089478
597 75.0381989479065
598 75.18992233276367
599 75.34033417701721
600 75.48869967460632
601 75.6680645942688
602 75.8252329826355
603 75.97202253341675
604 76.15379047393799
605 76.32969260215759
606 76.45157623291016
607 76.57012462615967
608 76.71807837486267
609 76.86916255950928
610 77.02153182029724
611 77.13810276985168
612 77.28853225708008
613 77.44233202934265
614 77.58810114860535
615 77.7094213962555
616 77.89313435554504
617 78.03865599632263
618 78.20888066291809
619 78.39875316619873
620 78.54214549064636
621 78.75126266479492
622 78.92987561225891
623 79.08968138694763
624 79.26610732078552
625 79.4434745311737
626 79.58926582336426
627 79.7735276222229
628 79.94871473312378
629 80.13711476325989
630 80.33806300163269
631 80.48867964744568
632 80.70473289489746
633 80.81805753707886
634 80.968186378479
635 81.15459871292114
636 81.27961134910583
637 81.41885638237
638 81.54857611656189
639 81.706298828125
640 81.8509566783905
641 82.01811981201172
642 82.16895842552185
643 82.3181381225586
644 82.45418071746826
645 82.61834025382996
646 82.77603578567505
647 82.91868615150452
648 83.06869316101074
649 83.19939064979553
650 83.36845397949219
651 83.51855754852295
652 83.66812586784363
653 83.81810116767883
654 83.96847820281982
655 84.1486144065857
656 84.32884764671326
657 84.45876574516296
658 84.6601390838623
659 84.80813217163086
660 84.95957541465759
661 85.09043884277344
662 85.22813320159912
663 85.40815019607544
664 85.52831244468689
665 85.67856693267822
666 85.82826709747314
667 85.98670935630798
668 86.12809538841248
669 86.27974510192871
670 86.39811134338379
671 86.55148077011108
672 86.67006254196167
673 86.82515811920166
674 86.99873614311218
675 87.1480884552002
676 87.31924772262573
677 87.54286861419678
678 87.69330048561096
679 87.8681013584137
680 88.02077794075012
681 88.16500687599182
682 88.34317708015442
683 88.51091814041138
684 88.66760015487671
685 88.80985951423645
686 88.96999263763428
687 89.10880923271179
688 89.28897619247437
689 89.47026181221008
690 89.64964056015015
691 89.85916447639465
692 90.00874590873718
693 90.18899035453796
694 90.36909508705139
695 90.52481317520142
696 90.67537927627563
697 90.83143043518066
698 91.01272821426392
699 91.13804411888123
700 91.27856969833374
701 91.48324251174927
702 91.59876012802124
703 91.74817824363708
704 91.90451312065125
705 92.05111861228943
706 92.21773195266724
707 92.34835886955261
708 92.46881556510925
709 92.65495800971985
710 92.77029871940613
711 92.89049625396729
712 93.03795504570007
713 93.16193413734436
714 93.27910566329956
715 93.43786931037903
716 93.5651843547821
717 93.69975399971008
718 93.82254886627197
719 93.91065073013306
720 94.03888869285583
721 94.14875912666321
722 94.27872037887573
723 94.41876220703125
724 94.55221652984619
725 94.70078802108765
726 94.81166410446167
727 94.93046617507935
728 95.02182745933533
729 95.20731902122498
730 95.32050848007202
731 95.44709873199463
732 95.56495594978333
733 95.74268817901611
734 95.86168885231018
735 96.01381969451904
736 96.13020944595337
737 96.21561574935913
738 96.33918523788452
739 96.4957549571991
740 96.62856817245483
741 96.7387421131134
742 96.8621187210083
743 96.97334885597229
744 97.10864400863647
745 97.21113920211792
746 97.35009694099426
747 97.45360207557678
748 97.56941342353821
749 97.68854880332947
750 97.85280895233154
751 97.97862505912781
752 98.12797570228577
753 98.27869272232056
754 98.40003681182861
755 98.51839065551758
756 98.66841244697571
757 98.81808257102966
758 98.94100546836853
759 99.09028100967407
760 99.19073343276978
761 99.30926275253296
762 99.43249988555908
763 99.5994188785553
764 99.70451760292053
765 99.84877228736877
766 99.98887896537781
767 100.10804510116577
768 100.22806763648987
769 100.34796524047852
770 100.46822023391724
771 100.6482343673706
772 100.76811194419861
773 100.91842555999756
774 101.03809070587158
775 101.18870449066162
776 101.30820322036743
777 101.41385507583618
778 101.54843187332153
779 101.66818952560425
780 101.82114219665527
781 101.96806383132935
782 102.0884017944336
783 102.20842719078064
784 102.31446313858032
785 102.43027567863464
786 102.54877471923828
787 102.69183850288391
788 102.84219145774841
789 102.94146728515625
790 103.07821488380432
791 103.17981219291687
792 103.30480241775513
793 103.44352340698242
794 103.57612180709839
795 103.69065594673157
796 103.8613429069519
797 103.9786307811737
798 104.09808301925659
799 104.21871089935303
800 104.32759714126587
801 104.4113757610321
802 104.54804706573486
803 104.66808080673218
804 104.788250207901
805 104.92090582847595
806 105.05811524391174
807 105.18757510185242
808 105.30877876281738
809 105.42068767547607
810 105.56824612617493
811 105.68810653686523
812 105.79212498664856
813 105.93260192871094
814 106.02015900611877
815 106.17874717712402
816 106.30444431304932
817 106.46809148788452
818 106.56864976882935
819 106.70866966247559
820 106.82808566093445
821 106.93152189254761
822 107.06821846961975
823 107.18810701370239
824 107.3097836971283
825 107.42820477485657
826 107.5493655204773
827 107.69239544868469
828 107.81809067726135
829 107.93810725212097
830 108.03876495361328
831 108.17922759056091
832 108.28223133087158
833 108.41211748123169
834 108.52485013008118
835 108.64090371131897
836 108.7785575389862
837 108.88285326957703
838 109.00601506233215
839 109.12124156951904
840 109.25859904289246
841 109.36815643310547
842 109.49087619781494
843 109.64776873588562
844 109.76472806930542
845 109.87615871429443
846 110.00834703445435
847 110.12886190414429
848 110.2454924583435
849 110.37159085273743
850 110.44015264511108
851 110.56288719177246
852 110.67884659767151
853 110.79155993461609
854 110.88200092315674
855 111.02837634086609
856 111.12887763977051
857 111.26845502853394
858 111.37140035629272
859 111.50051164627075
860 111.62001442909241
861 111.7303032875061
862 111.8662838935852
863 111.97761631011963
864 112.09625124931335
865 112.21069121360779
866 112.33480381965637
867 112.4580249786377
868 112.57122302055359
869 112.7084653377533
870 112.80882668495178
871 112.94575119018555
872 113.05813813209534
873 113.17095875740051
874 113.28898811340332
875 113.42088627815247
876 113.53360366821289
877 113.65001964569092
878 113.8200786113739
879 113.9224305152893
880 114.05843925476074
881 114.16031384468079
882 114.29854273796082
883 114.41795253753662
884 114.52185487747192
885 114.68853950500488
886 114.79215049743652
887 114.93923282623291
888 115.07839846611023
889 115.21547102928162
890 115.33504152297974
891 115.453204870224
892 115.56917762756348
893 115.67243123054504
894 115.8080723285675
895 115.92823529243469
896 116.04822778701782
897 116.16807723045349
898 116.2905502319336
899 116.37921214103699
900 116.49821639060974
901 116.62764596939087
902 116.73904085159302
903 116.85831761360168
904 116.98016786575317
905 117.09839987754822
906 117.24797320365906
907 117.37102556228638
908 117.48979640007019
909 117.58020663261414
910 117.72952818870544
911 117.84870719909668
