1 0.21929311752319336
2 0.42717814445495605
3 0.6372778415679932
4 0.7867448329925537
5 0.9494092464447021
6 1.0929977893829346
7 1.2367446422576904
8 1.3867342472076416
9 1.5098259449005127
10 1.6314737796783447
11 1.7372779846191406
12 1.8872919082641602
13 2.01664400100708
14 2.168290376663208
15 2.316581964492798
16 2.4367144107818604
17 2.5660221576690674
18 2.678727865219116
19 2.8184573650360107
20 2.9505648612976074
21 3.0666818618774414
22 3.1603870391845703
23 3.278411865234375
24 3.4013266563415527
25 3.518648624420166
26 3.63669753074646
27 3.7290737628936768
28 3.8174753189086914
29 3.907219648361206
30 4.058489084243774
31 4.17814302444458
32 4.29720401763916
33 4.424405813217163
34 4.509986162185669
35 4.627053260803223
36 4.7174906730651855
37 4.866631507873535
38 4.963923215866089
39 5.100453615188599
40 5.199395656585693
41 5.317220449447632
42 5.407426118850708
43 5.526779651641846
44 5.640802621841431
45 5.766700267791748
46 5.882451772689819
47 6.007835865020752
48 6.099685192108154
49 6.216692686080933
50 6.3013856410980225
51 6.396719455718994
52 6.494652271270752
53 6.61072301864624
54 6.696573734283447
55 6.817468643188477
56 6.909226179122925
57 7.022352933883667
58 7.148615837097168
59 7.268086910247803
60 7.387856483459473
61 7.507143259048462
62 7.617756128311157
63 7.695969820022583
64 7.837580919265747
65 7.928436040878296
66 8.052302837371826
67 8.171987533569336
68 8.294808626174927
69 8.4005606174469
70 8.533628463745117
71 8.61749529838562
72 8.7366783618927
73 8.832834720611572
74 8.989423274993896
75 9.093511581420898
76 9.186713695526123
77 9.30760145187378
78 9.397422552108765
79 9.51734447479248
80 9.607035160064697
81 9.697274208068848
82 9.823291540145874
83 9.941885709762573
84 10.026715517044067
85 10.147277116775513
86 10.246088027954102
87 10.360646486282349
88 10.44746470451355
89 10.566698789596558
90 10.66369342803955
91 10.760518789291382
92 10.868375539779663
93 10.994134664535522
94 11.08463430404663
95 11.167510509490967
96 11.247695684432983
97 11.376981019973755
98 11.507392883300781
99 11.590630769729614
100 11.67750597000122
101 11.797489643096924
102 11.858866453170776
103 11.952337265014648
104 12.076016664505005
105 12.158479690551758
106 12.271885871887207
107 12.37972378730774
108 12.458406448364258
109 12.5767080783844
110 12.664620161056519
111 12.757184028625488
112 12.850350618362427
113 12.941534757614136
114 13.057286977767944
115 13.178712129592896
116 13.310255765914917
117 13.387917757034302
118 13.482391595840454
119 13.604295015335083
120 13.690894842147827
121 13.80687952041626
122 13.939314365386963
123 14.041658639907837
124 14.166882753372192
125 14.289042711257935
126 14.410167694091797
127 14.501107215881348
128 14.616590738296509
129 14.7500581741333
130 14.828813076019287
131 14.926031112670898
132 15.040348768234253
133 15.129312992095947
134 15.194059610366821
135 15.308786630630493
136 15.426716089248657
137 15.521865844726562
138 15.64073395729065
139 15.755500555038452
140 15.825246334075928
141 15.915607929229736
142 16.000169038772583
143 16.118951559066772
144 16.239665985107422
145 16.364922285079956
146 16.477150201797485
147 16.57255458831787
148 16.721431016921997
149 16.81689143180847
150 16.92682433128357
151 17.022510528564453
152 17.137189388275146
153 17.261512517929077
154 17.38268494606018
155 17.474509477615356
156 17.587088584899902
157 17.677169799804688
158 17.7678165435791
159 17.85741424560547
160 17.986870288848877
161 18.09154772758484
162 18.18837547302246
163 18.315773725509644
164 18.426719188690186
165 18.547213315963745
166 18.66698431968689
167 18.795907974243164
168 18.901796579360962
169 19.027296781539917
170 19.117953777313232
171 19.240154266357422
172 19.327105045318604
173 19.437471866607666
174 19.537830352783203
175 19.662057876586914
176 19.769453048706055
177 19.867236137390137
178 19.963752031326294
179 20.079017639160156
180 20.169647455215454
181 20.26085591316223
182 20.36034655570984
183 20.48219084739685
184 20.59586000442505
185 20.682082414627075
186 20.797211170196533
187 20.893529653549194
188 21.00720524787903
189 21.126953125
190 21.260396003723145
191 21.366502285003662
192 21.488077640533447
193 21.583004474639893
194 21.698221683502197
195 21.806773900985718
196 21.911375045776367
197 22.027299404144287
198 22.141808032989502
199 22.240030765533447
200 22.328086376190186
201 22.417928218841553
202 22.508911848068237
203 22.6267249584198
204 22.719693422317505
205 22.84523057937622
206 22.956692457199097
207 23.04876732826233
208 23.14254403114319
209 23.236748933792114
210 23.320045232772827
211 23.436711072921753
212 23.530698537826538
213 23.62383222579956
214 23.748588800430298
215 23.858018159866333
216 23.947211980819702
217 24.03926396369934
218 24.13821530342102
219 24.248841524124146
220 24.33669900894165
221 24.45671582221985
222 24.62085461616516
223 24.727251768112183
224 24.825039863586426
225 24.933059453964233
226 25.056738138198853
227 25.181352138519287
228 25.300184965133667
229 25.416574001312256
230 25.52955460548401
231 25.659571647644043
232 25.746723413467407
233 25.83830428123474
234 25.947555780410767
235 26.047212839126587
236 26.165791511535645
237 26.28671169281006
238 26.37905240058899
239 26.496939420700073
240 26.58957028388977
241 26.677010774612427
242 26.79664444923401
243 26.88670778274536
244 27.019245624542236
245 27.09835410118103
246 27.196361303329468
247 27.282872915267944
248 27.366708040237427
249 27.456708908081055
250 27.576719760894775
251 27.67568039894104
252 27.754089832305908
253 27.881744623184204
254 27.960646152496338
255 28.029468774795532
256 28.151520252227783
257 28.266727924346924
258 28.35721182823181
259 28.473212957382202
260 28.609931707382202
261 28.696856260299683
262 28.81505012512207
263 28.899823427200317
264 28.986850023269653
265 29.14129328727722
266 29.228285551071167
267 29.317997455596924
268 29.474363803863525
269 29.59062170982361
270 29.729140996932983
271 29.88745880126953
272 30.006633758544922
273 30.09748673439026
274 30.249414682388306
275 30.3679678440094
276 30.54732894897461
277 30.697383403778076
278 30.84743571281433
279 30.997289180755615
280 31.182697057724
281 31.303484439849854
282 31.4466073513031
283 31.567368984222412
284 31.724063396453857
285 31.867176294326782
286 32.01731538772583
287 32.16667461395264
288 32.31713652610779
289 32.43712401390076
290 32.59234976768494
291 32.709787130355835
292 32.85971665382385
293 33.007542848587036
294 33.1373496055603
295 33.30720257759094
296 33.42727279663086
297 33.547276735305786
298 33.671764850616455
299 33.81690192222595
300 33.936686754226685
301 34.05710172653198
302 34.20736837387085
303 34.32912015914917
304 34.45053815841675
305 34.56675124168396
306 34.687219858169556
307 34.83718132972717
308 34.9483425617218
309 35.06878304481506
310 35.18932914733887
311 35.32007455825806
312 35.4382598400116
313 35.576955795288086
314 35.70590424537659
315 35.85717964172363
316 35.96950936317444
317 36.08941960334778
318 36.27645421028137
319 36.396697998046875
320 36.50857162475586
321 36.62885332107544
322 36.74682402610779
323 36.87603688240051
324 36.99382543563843
325 37.112730979919434
326 37.22770142555237
327 37.34733557701111
328 37.50584554672241
329 37.61738324165344
330 37.780075550079346
331 37.92238640785217
332 38.04243516921997
333 38.15950560569763
334 38.27884840965271
335 38.40265679359436
336 38.52015519142151
337 38.66736602783203
338 38.78919196128845
339 38.91356658935547
340 39.05681228637695
341 39.17962718009949
342 39.36837673187256
343 39.46091389656067
344 39.59889817237854
345 39.720316886901855
346 39.84738612174988
347 39.95858407020569
348 40.07883906364441
349 40.23541569709778
350 40.34904193878174
351 40.4761905670166
352 40.617090702056885
353 40.7382173538208
354 40.85762667655945
355 40.98527765274048
356 41.09740853309631
357 41.221879720687866
358 41.33724522590637
359 41.45752286911011
360 41.58651113510132
361 41.69673800468445
362 41.82733154296875
363 41.94938015937805
364 42.06745386123657
365 42.21721076965332
366 42.33972644805908
367 42.47990536689758
368 42.57825779914856
369 42.72812485694885
370 42.86763405799866
371 42.98828053474426
372 43.11167049407959
373 43.22967767715454
374 43.34734630584717
375 43.47990322113037
376 43.59346151351929
377 43.73716950416565
378 43.85795259475708
379 43.95863318443298
380 44.1001238822937
381 44.217406034469604
382 44.33725118637085
383 44.46615481376648
384 44.61213254928589
385 44.73302984237671
386 44.851340532302856
387 44.974539279937744
388 45.08733510971069
389 45.237125873565674
390 45.361082315444946
391 45.48517107963562
392 45.605308532714844
393 45.72916865348816
394 45.83695387840271
395 45.958279848098755
396 46.08878302574158
397 46.19798827171326
398 46.326377868652344
399 46.448540925979614
400 46.55780100822449
401 46.68012571334839
402 46.80612802505493
403 46.92916226387024
404 47.079317808151245
405 47.19335150718689
406 47.30819845199585
407 47.428444623947144
408 47.54832673072815
409 47.67758798599243
410 47.81673192977905
411 47.96725153923035
412 48.08727145195007
413 48.229804039001465
414 48.387020111083984
415 48.48806285858154
416 48.62779474258423
417 48.727802753448486
418 48.86675047874451
419 48.9898898601532
420 49.107128620147705
421 49.22670364379883
422 49.34697508811951
423 49.4703905582428
424 49.58735942840576
425 49.73726487159729
426 49.84082531929016
427 49.977044343948364
428 50.09670925140381
429 50.2167387008667
430 50.369760036468506
431 50.496901750564575
432 50.6188645362854
433 50.75673985481262
434 50.85749936103821
435 50.99748945236206
436 51.12082481384277
437 51.23910927772522
438 51.35764265060425
439 51.46101355552673
440 51.567060232162476
441 51.716776847839355
442 51.83719205856323
443 51.95660209655762
444 52.08795714378357
445 52.22667336463928
446 52.332622051239014
447 52.454421043395996
448 52.587178468704224
449 52.74072551727295
450 52.84288716316223
451 52.97838258743286
452 53.10131788253784
453 53.24846363067627
454 53.36823797225952
455 53.467400550842285
456 53.63669300079346
457 53.79224872589111
458 53.93722128868103
459 54.04452157020569
460 54.176937103271484
461 54.2783477306366
462 54.424221992492676
463 54.56717085838318
464 54.68701386451721
465 54.83735537528992
466 54.957117557525635
467 55.05993103981018
468 55.19679522514343
469 55.316734075546265
470 55.46713447570801
471 55.603026390075684
472 55.73706555366516
473 55.85727381706238
474 55.97832107543945
475 56.07970213890076
476 56.24964165687561
477 56.357534646987915
478 56.46768116950989
479 56.6067419052124
480 56.75674796104431
481 56.877726793289185
482 56.98713302612305
483 57.117186069488525
484 57.23954749107361
485 57.372687339782715
486 57.539830923080444
487 57.639915466308594
488 57.78820085525513
489 57.91427421569824
490 58.04873275756836
491 58.16672134399414
492 58.28721809387207
493 58.406880140304565
494 58.556731939315796
495 58.68824577331543
496 58.82711744308472
497 58.94671988487244
498 59.08173203468323
499 59.198514223098755
500 59.34076905250549
501 59.451274156570435
502 59.57934832572937
503 59.679789304733276
504 59.81684398651123
505 59.936718225479126
506 60.03750920295715
507 60.20808696746826
508 60.356759548187256
509 60.487343311309814
510 60.6871612071991
511 60.868109703063965
512 61.062723875045776
513 61.26145148277283
514 61.47627067565918
515 61.6771183013916
516 61.94677782058716
517 62.157719135284424
518 62.31860399246216
519 62.54850482940674
520 62.72674107551575
521 62.93671274185181
522 63.11712694168091
523 63.29865479469299
524 63.476714849472046
525 63.62672019004822
526 63.80673098564148
527 63.98677587509155
528 64.13718390464783
529 64.31959438323975
530 64.4668378829956
531 64.61885619163513
532 64.78280448913574
533 64.9581515789032
534 65.11325263977051
535 65.27302312850952
536 65.44676470756531
537 65.61820363998413
538 65.79971432685852
539 66.0067572593689
540 66.18901324272156
541 66.33882570266724
542 66.5467472076416
543 66.67287588119507
544 66.8790500164032
545 67.06681537628174
546 67.26666975021362
547 67.44952249526978
548 67.62992215156555
549 67.776620388031
550 67.93004083633423
551 68.10670375823975
552 68.2572090625763
553 68.4426064491272
554 68.61765003204346
555 68.76728820800781
556 68.94708681106567
557 69.16545963287354
558 69.33754706382751
559 69.51420974731445
560 69.66750359535217
561 69.85557579994202
562 69.99702477455139
563 70.15080332756042
564 70.329185962677
565 70.50981497764587
566 70.65932178497314
567 70.80673789978027
568 70.98938870429993
569 71.16759324073792
570 71.34699892997742
571 71.52748584747314
572 71.70656538009644
573 71.85672211647034
574 72.00658464431763
575 72.1915225982666
576 72.33658695220947
577 72.5176591873169
578 72.69672465324402
579 72.84828281402588
580 73.05659031867981
581 73.18695521354675
582 73.35750269889832
583 73.5505006313324
584 73.72109150886536
585 73.8998167514801
586 74.07855653762817
587 74.22657132148743
588 74.40673494338989
589 74.59415316581726
590 74.76673865318298
591 74.91971135139465
592 75.09749364852905
593 75.24662566184998
594 75.42732095718384
595 75.57670879364014
596 75.7265875339508
597 75.90775871276855
598 76.05674028396606
599 76.21130275726318
600 76.38815975189209
601 76.53681755065918
602 76.68962168693542
603 76.87187337875366
604 77.04686379432678
605 77.19663310050964
606 77.40720438957214
607 77.58672642707825
608 77.77132630348206
609 77.91921401023865
610 78.06680607795715
611 78.27949047088623
612 78.45698404312134
613 78.60669279098511
614 78.78675746917725
615 78.94179034233093
616 79.11668920516968
617 79.26684880256653
618 79.41704678535461
619 79.59888982772827
620 79.77799534797668
621 79.93089437484741
622 80.1134102344513
623 80.25718188285828
624 80.41749143600464
625 80.58721423149109
626 80.7391459941864
627 80.9221031665802
628 81.09667301177979
629 81.24671006202698
630 81.4269711971283
631 81.57688045501709
632 81.75672268867493
633 81.9067645072937
634 82.05985140800476
635 82.22674036026001
636 82.41677665710449
637 82.6012921333313
638 82.77679443359375
639 82.95725893974304
640 83.13691735267639
641 83.28733110427856
642 83.4667158126831
643 83.64758801460266
644 83.82675909996033
645 83.97973418235779
646 84.15711188316345
647 84.34146285057068
648 84.48689365386963
649 84.66761016845703
650 84.84004259109497
651 84.99587416648865
652 85.14687585830688
653 85.29267406463623
654 85.44344162940979
655 85.62515044212341
656 85.79917049407959
657 85.94884276390076
658 86.09678077697754
659 86.27776741981506
660 86.45808267593384
661 86.63672065734863
662 86.81850457191467
663 86.99717307090759
664 87.14674377441406
665 87.32911419868469
666 87.50673627853394
667 87.68671989440918
668 87.87135696411133
669 88.01724696159363
670 88.19662165641785
671 88.37739324569702
672 88.53743767738342
673 88.73668766021729
674 88.89273834228516
675 89.0470986366272
676 89.21741533279419
677 89.4024772644043
678 89.58015942573547
679 89.7277569770813
680 89.88269996643066
681 90.02826356887817
682 90.20808410644531
683 90.35801696777344
684 90.50748586654663
685 90.69637179374695
686 90.86885213851929
687 91.01988792419434
688 91.14781618118286
689 91.2627763748169
690 91.41224479675293
691 91.53582215309143
692 91.68044924736023
693 91.79773497581482
694 91.98084115982056
695 92.12839865684509
696 92.24721479415894
697 92.37244415283203
698 92.52006959915161
699 92.66721940040588
700 92.79804611206055
701 92.90723824501038
702 93.0326247215271
703 93.15011954307556
704 93.29824137687683
705 93.41724991798401
706 93.5467586517334
707 93.65972566604614
708 93.78620386123657
709 93.89734125137329
710 94.02385330200195
711 94.2001461982727
712 94.37886357307434
713 94.50111079216003
714 94.62565660476685
715 94.75364518165588
716 94.86919569969177
717 94.95749616622925
718 95.1193642616272
719 95.22667241096497
720 95.34756207466125
721 95.46671390533447
722 95.5867087841034
723 95.71463012695312
724 95.82663631439209
725 95.94720101356506
726 96.06676411628723
727 96.18939089775085
728 96.31126427650452
729 96.42665481567383
730 96.54676914215088
731 96.67843461036682
732 96.82224774360657
733 96.90916419029236
734 97.05803370475769
735 97.1780149936676
736 97.30174160003662
737 97.42085981369019
738 97.53860831260681
739 97.68824458122253
740 97.83029842376709
741 97.95878744125366
742 98.07671022415161
743 98.16738247871399
744 98.31801795959473
745 98.43864798545837
746 98.55671215057373
747 98.64773988723755
748 98.79687333106995
749 98.91879439353943
750 99.00729846954346
751 99.12738537788391
752 99.24997329711914
753 99.3694748878479
754 99.48802995681763
755 99.63672494888306
756 99.76093435287476
757 99.90675830841064
758 100.03017330169678
759 100.14673471450806
760 100.26671981811523
761 100.38736987113953
762 100.50768852233887
763 100.62787580490112
764 100.74734354019165
765 100.86719059944153
766 100.9867057800293
767 101.10932683944702
768 101.23084759712219
769 101.37668514251709
770 101.496661901474
771 101.61985754966736
772 101.73687624931335
773 101.88721632957458
774 102.01022458076477
775 102.156569480896
776 102.27670788764954
777 102.3965847492218
778 102.49075293540955
779 102.66669607162476
780 102.7867181301117
781 102.91732740402222
782 103.03416466712952
783 103.17997980117798
784 103.26727175712585
785 103.42492032051086
786 103.57262134552002
787 103.69148182868958
788 103.80978655815125
789 103.92854475975037
790 104.07782006263733
791 104.20712542533875
792 104.30939269065857
793 104.43670010566711
794 104.55988073348999
795 104.67782998085022
796 104.79460597038269
797 104.90910816192627
798 105.06648516654968
799 105.23698353767395
800 105.36392998695374
801 105.50793862342834
802 105.63078355789185
803 105.73019790649414
804 105.86909699440002
805 106.01687097549438
806 106.14700388908386
807 106.2693042755127
808 106.37997341156006
809 106.49983191490173
810 106.64987969398499
811 106.76719260215759
812 106.88984537124634
813 106.99185585975647
814 107.13079261779785
815 107.25568628311157
816 107.37438797950745
817 107.48774361610413
818 107.5881462097168
819 107.70745873451233
820 107.85361218452454
821 107.96757888793945
822 108.06766867637634
823 108.18921375274658
824 108.3614993095398
825 108.48248338699341
826 108.59838080406189
827 108.72192621231079
828 108.86670684814453
829 108.97068166732788
830 109.10671949386597
831 109.20838737487793
832 109.34714317321777
833 109.49976229667664
834 109.61726975440979
835 109.7370593547821
836 109.86069631576538
837 110.00712084770203
838 110.12674689292908
839 110.24732828140259
840 110.38804316520691
841 110.49914574623108
842 110.63680768013
843 110.78709483146667
844 110.91012358665466
845 111.01579427719116
846 111.14781641960144
847 111.24907445907593
848 111.37088370323181
849 111.49071550369263
850 111.61076426506042
851 111.74960970878601
852 111.8666775226593
853 111.98673105239868
854 112.13686275482178
855 112.25674605369568
856 112.37900638580322
857 112.55692958831787
858 112.70676851272583
859 112.82668972015381
860 112.92807745933533
861 113.06669116020203
862 113.17022204399109
863 113.30671858787537
864 113.45688772201538
865 113.57662630081177
866 113.69670009613037
867 113.81840252876282
868 113.9436411857605
869 114.06963729858398
870 114.19944286346436
871 114.33294916152954
872 114.43036961555481
873 114.5685031414032
874 114.70046401023865
875 114.83789157867432
876 114.93781423568726
877 115.05039238929749
878 115.19618725776672
879 115.30421471595764
880 115.40937209129333
881 115.55372619628906
882 115.66042995452881
883 115.7786180973053
884 115.92761516571045
885 116.03827142715454
886 116.137202501297
887 116.26030826568604
888 116.41493368148804
889 116.53149199485779
890 116.65218925476074
891 116.78703999519348
892 116.918208360672
893 117.03771162033081
894 117.16863489151001
895 117.28415989875793
896 117.3984887599945
897 117.52263283729553
898 117.67026281356812
