1 0.2429189682006836
2 0.4313538074493408
3 0.6314828395843506
4 0.816817045211792
5 0.9716653823852539
6 1.1457147598266602
7 1.299889326095581
8 1.422285556793213
9 1.5637905597686768
10 1.6857807636260986
11 1.801595687866211
12 1.9532814025878906
13 2.074730157852173
14 2.195049285888672
15 2.3234755992889404
16 2.5006327629089355
17 2.6450557708740234
18 2.8091249465942383
19 2.9112346172332764
20 3.0403025150299072
21 3.1608433723449707
22 3.2533531188964844
23 3.3697750568389893
24 3.486717462539673
25 3.6193954944610596
26 3.7300798892974854
27 3.8550660610198975
28 3.983109951019287
29 4.096624135971069
30 4.182060718536377
31 4.273623704910278
32 4.392678499221802
33 4.51091194152832
34 4.603536605834961
35 4.728600025177002
36 4.819887399673462
37 4.90944766998291
38 4.991307973861694
39 5.110405445098877
40 5.221693277359009
41 5.321070909500122
42 5.413471221923828
43 5.549569606781006
44 5.622855186462402
45 5.748420476913452
46 5.857074022293091
47 5.940249681472778
48 6.042170763015747
49 6.163979768753052
50 6.282507419586182
51 6.411691665649414
52 6.4948484897613525
53 6.60427713394165
54 6.691542387008667
55 6.814669847488403
56 6.8839123249053955
57 6.991103172302246
58 7.092163324356079
59 7.18055272102356
60 7.276715517044067
61 7.364547967910767
62 7.472820997238159
63 7.578890562057495
64 7.680144786834717
65 7.784067630767822
66 7.8993239402771
67 7.997293949127197
68 8.11993956565857
69 8.201521635055542
70 8.320676326751709
71 8.462292194366455
72 8.566117286682129
73 8.678031921386719
74 8.759984016418457
75 8.86419129371643
76 8.970745086669922
77 9.060508728027344
78 9.164345979690552
79 9.256802320480347
80 9.348140001296997
81 9.449536800384521
82 9.543879508972168
83 9.641645669937134
84 9.733684301376343
85 9.85295033454895
86 9.934515953063965
87 10.040732860565186
88 10.124134540557861
89 10.239836692810059
90 10.33072543144226
91 10.420446634292603
92 10.534002780914307
93 10.637333631515503
94 10.72807002067566
95 10.838389873504639
96 10.941791772842407
97 11.05610179901123
98 11.140549659729004
99 11.230672836303711
100 11.29146933555603
101 11.372590065002441
102 11.445631265640259
103 11.580390453338623
104 11.652048110961914
105 11.775195360183716
106 11.863374948501587
107 11.978625535964966
108 12.070759057998657
109 12.189828872680664
110 12.285964488983154
111 12.373929023742676
112 12.496198892593384
113 12.616554737091064
114 12.704959630966187
115 12.820033550262451
116 12.933590173721313
117 13.00007963180542
118 13.100219011306763
119 13.213836193084717
120 13.33154296875
121 13.424731254577637
122 13.50589895248413
123 13.604906558990479
124 13.699904203414917
125 13.790044784545898
126 13.891429424285889
127 13.97285795211792
128 14.100075960159302
129 14.206482887268066
130 14.298295497894287
131 14.391294002532959
132 14.47409701347351
133 14.587963581085205
134 14.679628610610962
135 14.769676446914673
136 14.891985654830933
137 15.008538961410522
138 15.099489688873291
139 15.225203275680542
140 15.33971095085144
141 15.430092334747314
142 15.520453214645386
143 15.611043214797974
144 15.70938491821289
145 15.820587158203125
146 15.917691946029663
147 16.001056432724
148 16.119821071624756
149 16.209678173065186
150 16.299401998519897
151 16.360283136367798
152 16.455183744430542
153 16.570809364318848
154 16.660220861434937
155 16.762800931930542
156 16.86820888519287
157 16.960729360580444
158 17.08289885520935
159 17.169450759887695
160 17.230059385299683
161 17.349616765975952
162 17.471397399902344
163 17.565837860107422
164 17.65612530708313
165 17.750173330307007
166 17.860111474990845
167 17.971047163009644
168 18.069633960723877
169 18.15250301361084
170 18.258085250854492
171 18.348127126693726
172 18.442930459976196
173 18.549652338027954
174 18.64413094520569
175 18.730358123779297
176 18.849581956863403
177 18.939565420150757
178 19.029552459716797
179 19.111310958862305
180 19.219215393066406
181 19.310450792312622
182 19.419411659240723
183 19.511054039001465
184 19.62956190109253
185 19.750433444976807
186 19.840336322784424
187 19.930090188980103
188 20.061800479888916
189 20.15107536315918
190 20.276891946792603
191 20.409589052200317
192 20.51381540298462
193 20.619593620300293
194 20.720186471939087
195 20.864981174468994
196 20.946874380111694
197 21.01638627052307
198 21.123497247695923
199 21.203567028045654
200 21.32424831390381
201 21.399575233459473
202 21.491417407989502
203 21.581366300582886
204 21.70134162902832
205 21.808841466903687
206 21.926151514053345
207 22.029545783996582
208 22.131941080093384
209 22.252320528030396
210 22.36133098602295
211 22.49952483177185
212 22.63208770751953
213 22.7359938621521
214 22.820138931274414
215 22.91511344909668
216 23.01955246925354
217 23.109551429748535
218 23.200343132019043
219 23.302712440490723
220 23.38087797164917
221 23.492149114608765
222 23.584001064300537
223 23.669748306274414
224 23.79164481163025
225 23.880879878997803
226 23.99959397315979
227 24.122676134109497
228 24.23050594329834
229 24.359708547592163
230 24.522594451904297
231 24.633774757385254
232 24.749812364578247
233 24.844399452209473
234 24.99689507484436
235 25.117546319961548
236 25.249213457107544
237 25.380114555358887
238 25.53118109703064
239 25.67957592010498
240 25.829719066619873
241 26.01013994216919
242 26.165135383605957
243 26.309809684753418
244 26.459574460983276
245 26.58080005645752
246 26.73075032234192
247 26.879913330078125
248 27.00079369544983
249 27.12581992149353
250 27.24271035194397
251 27.39148259162903
252 27.50954532623291
253 27.661259651184082
254 27.78706407546997
255 27.9002742767334
256 28.022071599960327
257 28.143637657165527
258 28.29334831237793
259 28.442623376846313
260 28.560354471206665
261 28.682949781417847
262 28.79959273338318
263 28.953556537628174
264 29.07406258583069
265 29.189911603927612
266 29.310388565063477
267 29.429651975631714
268 29.5514075756073
269 29.67085361480713
270 29.794172048568726
271 29.939584732055664
272 30.0611469745636
273 30.182661533355713
274 30.305096864700317
275 30.449644327163696
276 30.602827787399292
277 30.753852605819702
278 30.899566888809204
279 31.033457279205322
280 31.141149520874023
281 31.260260343551636
282 31.410709857940674
283 31.55996608734131
284 31.710087537765503
285 31.837074995040894
286 31.97942018508911
287 32.1077938079834
288 32.22453999519348
289 32.342708110809326
290 32.45983576774597
291 32.58631157875061
292 32.70635795593262
293 32.82064723968506
294 32.94308114051819
295 33.10098195075989
296 33.22040414810181
297 33.35080122947693
298 33.479748249053955
299 33.64091873168945
300 33.75433135032654
301 33.87584328651428
302 34.019609451293945
303 34.148401737213135
304 34.292810678482056
305 34.44263935089111
306 34.561201333999634
307 34.747631549835205
308 34.87946796417236
309 35.03987503051758
310 35.198654651641846
311 35.31001019477844
312 35.439693450927734
313 35.550190448760986
314 35.67029857635498
315 35.819952726364136
316 35.972065925598145
317 36.12061071395874
318 36.259509801864624
319 36.39454388618469
320 36.509928703308105
321 36.6301589012146
322 36.75868487358093
323 36.87947702407837
324 37.02175712585449
325 37.13989043235779
326 37.29499125480652
327 37.40727138519287
328 37.559924602508545
329 37.710041522979736
330 37.83276653289795
331 37.95230317115784
332 38.07162427902222
333 38.19079113006592
334 38.34217381477356
335 38.46075916290283
336 38.580923318862915
337 38.69948363304138
338 38.86473560333252
339 38.97286319732666
340 39.12319254875183
341 39.24371004104614
342 39.363662004470825
343 39.48144173622131
344 39.60031533241272
345 39.71984934806824
346 39.84319519996643
347 39.96909785270691
348 40.07959771156311
349 40.23151159286499
350 40.35391664505005
351 40.502315282821655
352 40.619420528411865
353 40.7401328086853
354 40.90017127990723
355 41.00277304649353
356 41.16010522842407
357 41.30966591835022
358 41.46969747543335
359 41.58389234542847
360 41.70020270347595
361 41.85005044937134
362 42.03677248954773
363 42.153889179229736
364 42.27298188209534
365 42.40954828262329
366 42.539555072784424
367 42.66196656227112
368 42.810906171798706
369 42.93009829521179
370 43.09108281135559
371 43.19962430000305
372 43.32160210609436
373 43.44007754325867
374 43.559616804122925
375 43.71385097503662
376 43.859705686569214
377 44.022547483444214
378 44.132174253463745
379 44.24979496002197
380 44.399749755859375
381 44.554119348526
382 44.70700931549072
383 44.85039043426514
384 44.999637842178345
385 45.13933610916138
386 45.239646434783936
387 45.36283802986145
388 45.51162075996399
389 45.6612913608551
390 45.786941051483154
391 45.931862354278564
392 46.079527378082275
393 46.204150676727295
394 46.31958794593811
395 46.442604780197144
396 46.59809494018555
397 46.71803021430969
398 46.87137246131897
399 47.019917011260986
400 47.161622047424316
401 47.28345775604248
402 47.4013876914978
403 47.53021001815796
404 47.683616161346436
405 47.80338478088379
406 47.945242404937744
407 48.070080518722534
408 48.21535563468933
409 48.365763664245605
410 48.490039587020874
411 48.6299614906311
412 48.81010842323303
413 48.91459941864014
414 49.04951620101929
415 49.188960313797
416 49.334497928619385
417 49.482882499694824
418 49.63140797615051
419 49.781810998916626
420 49.92171764373779
421 50.07611393928528
422 50.2201189994812
423 50.32794642448425
424 50.47012281417847
425 50.59343338012695
426 50.73198890686035
427 50.83586311340332
428 50.95230722427368
429 51.090648889541626
430 51.23965620994568
431 51.39238381385803
432 51.54309821128845
433 51.64090847969055
434 51.78689622879028
435 51.90908479690552
436 52.03508639335632
437 52.17099571228027
438 52.307124614715576
439 52.429219245910645
440 52.57599186897278
441 52.69299840927124
442 52.84222340583801
443 52.97963285446167
444 53.100322008132935
445 53.25369906425476
446 53.38946080207825
447 53.503990650177
448 53.644145488739014
449 53.77404427528381
450 53.89481234550476
451 54.03111171722412
452 54.191131353378296
453 54.32966470718384
454 54.48857498168945
455 54.614283084869385
456 54.750250577926636
457 54.91364097595215
458 55.08112859725952
459 55.240113973617554
460 55.38552522659302
461 55.623379707336426
462 55.83020210266113
463 56.10129499435425
464 56.34008765220642
465 56.58533596992493
466 56.78983163833618
467 56.979397773742676
468 57.138648986816406
469 57.34097743034363
470 57.527363777160645
471 57.7025682926178
472 57.88141369819641
473 58.030919551849365
474 58.230067014694214
475 58.41413331031799
476 58.54059100151062
477 58.72612929344177
478 58.92197012901306
479 59.106306076049805
480 59.2827045917511
481 59.470603942871094
482 59.66971182823181
483 59.832233905792236
484 59.99984312057495
485 60.1631555557251
486 60.3596875667572
487 60.49009132385254
488 60.694846868515015
489 60.87042832374573
490 61.034674644470215
491 61.238107681274414
492 61.37997579574585
493 61.57126760482788
494 61.74450087547302
495 61.9278838634491
496 62.131797075271606
497 62.29611897468567
498 62.49159908294678
499 62.652586221694946
500 62.83541011810303
501 63.03000855445862
502 63.214943170547485
503 63.34240007400513
504 63.52963948249817
505 63.71006178855896
506 63.889549016952515
507 64.06958746910095
508 64.23023247718811
509 64.40480256080627
510 64.57957196235657
511 64.72955918312073
512 64.9098892211914
513 65.08997392654419
514 65.26954984664917
515 65.45257663726807
516 65.62958574295044
517 65.80943298339844
518 65.98948979377747
519 66.16944861412048
520 66.31946468353271
521 66.50017309188843
522 66.65012431144714
523 66.8294038772583
524 66.98281908035278
525 67.16194987297058
526 67.33955955505371
527 67.489586353302
528 67.66978144645691
529 67.84956860542297
530 68.02995252609253
531 68.18406391143799
532 68.32948040962219
533 68.51015591621399
534 68.66032099723816
535 68.87197995185852
536 69.019606590271
537 69.20135927200317
538 69.38017845153809
539 69.54965925216675
540 69.73999786376953
541 69.88955879211426
542 70.0695071220398
543 70.22061920166016
544 70.42951226234436
545 70.60961055755615
546 70.76033067703247
547 70.91406440734863
548 71.09155893325806
549 71.2695860862732
550 71.44945430755615
551 71.60081911087036
552 71.80508494377136
553 71.95948100090027
554 72.1394898891449
555 72.2896659374237
556 72.47004771232605
557 72.64994502067566
558 72.79974603652954
559 72.9495759010315
560 73.09999990463257
561 73.27958393096924
562 73.459477186203
563 73.61001873016357
564 73.75960373878479
565 73.93953037261963
566 74.11956214904785
567 74.32957768440247
568 74.48006129264832
569 74.65945839881897
570 74.83963227272034
571 74.98955655097961
572 75.1701831817627
573 75.34982943534851
574 75.52942109107971
575 75.71010899543762
576 75.88952708244324
577 76.06994009017944
578 76.24956464767456
579 76.42967343330383
580 76.61021184921265
581 76.79024720191956
582 76.9694652557373
583 77.08945155143738
584 77.2705762386322
585 77.41960334777832
586 77.56956624984741
587 77.69101858139038
588 77.84161353111267
589 77.96033072471619
590 78.11005401611328
591 78.28987050056458
592 78.41256213188171
593 78.56006932258606
594 78.67950987815857
595 78.86324906349182
596 78.98032569885254
597 79.159423828125
598 79.2827410697937
599 79.43040156364441
600 79.57968974113464
601 79.69419574737549
602 79.82684135437012
603 79.94493317604065
604 80.05974435806274
605 80.17968273162842
606 80.29956221580505
607 80.4194118976593
608 80.50954818725586
609 80.63006472587585
610 80.78631234169006
611 80.90299987792969
612 81.02732849121094
613 81.16984176635742
614 81.31956720352173
615 81.44004321098328
616 81.58838272094727
617 81.73941969871521
618 81.85962080955505
619 81.95026659965515
620 82.10091495513916
621 82.21964836120605
622 82.33991980552673
623 82.46537399291992
624 82.57730722427368
625 82.69949245452881
626 82.8498945236206
627 82.97107744216919
628 83.08958220481873
629 83.20970606803894
630 83.33094692230225
631 83.45239090919495
632 83.56942701339722
633 83.68951869010925
634 83.80967712402344
635 83.92947053909302
636 84.0500864982605
637 84.17189383506775
638 84.29024195671082
639 84.41067576408386
640 84.55434107780457
641 84.64943361282349
642 84.76947021484375
643 84.86035299301147
644 84.98320460319519
645 85.1001284122467
646 85.21073794364929
647 85.33957481384277
648 85.45719242095947
649 85.58080649375916
650 85.7295401096344
651 85.84964084625244
652 85.96974182128906
653 86.08956456184387
654 86.180104970932
655 86.32956194877625
656 86.44959998130798
657 86.56997108459473
658 86.69051051139832
659 86.80955481529236
660 86.92960166931152
661 87.04945397377014
662 87.1694986820221
663 87.28946995735168
664 87.40306329727173
665 87.52955174446106
666 87.65325999259949
667 87.74601984024048
668 87.89013290405273
669 88.00956153869629
670 88.12336730957031
671 88.26116251945496
672 88.34555435180664
673 88.48958277702332
674 88.61001348495483
675 88.72949123382568
676 88.84948229789734
677 88.96956992149353
678 89.09221124649048
679 89.21889209747314
680 89.30727744102478
681 89.41942644119263
682 89.54010128974915
683 89.66007328033447
684 89.78125643730164
685 89.93073344230652
686 90.07961821556091
687 90.19970631599426
688 90.31990480422974
689 90.43983149528503
690 90.55956220626831
691 90.67967057228088
692 90.80135226249695
693 90.91948699951172
694 91.06957173347473
695 91.18984627723694
696 91.33943772315979
697 91.46254849433899
698 91.5775511264801
699 91.72441840171814
700 91.85199284553528
701 91.9694755077362
702 92.08994483947754
703 92.20950865745544
704 92.33831238746643
705 92.45547699928284
706 92.5694694519043
707 92.69037294387817
708 92.80964064598083
709 92.92944383621216
710 93.0796148777008
711 93.1994800567627
712 93.32004284858704
713 93.43855047225952
714 93.5573525428772
715 93.67030549049377
716 93.81006169319153
717 93.9138491153717
718 94.0372519493103
719 94.15455746650696
720 94.27127361297607
721 94.4201500415802
722 94.55963182449341
723 94.6607735157013
724 94.8301911354065
725 94.9853184223175
726 95.08520913124084
727 95.232905626297
728 95.35105919837952
729 95.47062277793884
730 95.59042978286743
731 95.70390105247498
732 95.83572816848755
733 95.97043681144714
734 96.07602715492249
735 96.21215677261353
736 96.31009435653687
737 96.46159076690674
738 96.61572122573853
739 96.72679615020752
740 96.84504103660583
741 96.97006726264954
742 97.09134793281555
743 97.21319031715393
744 97.35255408287048
745 97.46982765197754
746 97.6063961982727
747 97.72218036651611
748 97.86694741249084
749 97.99063539505005
750 98.14521050453186
751 98.2658040523529
752 98.38011145591736
753 98.51957082748413
754 98.66979050636292
755 98.79073691368103
756 98.92599558830261
757 99.04128313064575
758 99.16505312919617
759 99.32959842681885
760 99.4620270729065
761 99.5998067855835
762 99.70220589637756
763 99.79168748855591
764 99.93105864524841
765 100.03323292732239
766 100.15023589134216
767 100.29590821266174
768 100.39845156669617
769 100.53006529808044
770 100.63370990753174
771 100.73954463005066
772 100.84746527671814
773 100.94993662834167
774 101.05472779273987
775 101.18985724449158
776 101.29028511047363
