1 4 1524981766.0098746
2 4 1524981766.13495
1 10.988229786955255 0.99 1524981767.1250286
2 10.540834461414878 0.99 1524981767.29475
1 11.611337698272129 0.99 1524981767.376465
2 10.888452565089711 0.99 1524981767.5352077
1 11.942934073401492 0.99 1524981767.627161
2 11.485590017373848 0.99 1524981767.8180907
1 12.037179984221577 0.97 1524981767.8775835
2 11.843721426732328 0.99 1524981768.0546072
1 11.942064322423319 0.97 1524981768.1340306
2 11.494821584773856 0.99 1524981768.3395846
1 11.779443777686817 0.97 1524981768.393533
2 11.5532322294139 0.99 1524981768.5720334
1 11.722238577384942 0.97 1524981768.6485488
2 11.55327037638663 0.99 1524981768.8588254
1 11.71804241038494 0.97 1524981768.8996665
2 11.577730215299376 0.99 1524981769.091358
1 11.741640127714058 0.97 1524981769.1563735
2 11.324304616682808 0.99 1524981769.3998275
1 11.76248363361225 0.97 1524981769.4217765
1 11.849657095688691 0.97 1524981769.6641781
2 10.995523488140705 0.99 1524981769.6856797
1 11.850244559068697 0.97 1524981769.9159422
2 11.343286550311914 0.99 1524981769.9402492
2 11.36559489996283 0.99 1524981770.1474466
1 11.73338512281586 0.97 1524981770.178779
2 12.236429252170822 0.97 1524981770.3801427
1 11.767335928543174 0.97 1524981770.4339411
2 12.28035930596359 0.95 1524981770.6402543
1 11.67358592836855 0.97 1524981770.693316
2 12.212953605154448 0.93 1524981770.8974495
1 11.606325186055765 0.97 1524981770.9466126
2 11.81773570891048 0.93 1524981771.1671045
1 11.708116568081307 0.97 1524981771.1995547
1 11.745477713170416 0.97 1524981771.4534228
2 10.902162587087911 0.93 1524981771.479551
1 11.82848552582504 0.97 1524981771.7040086
2 11.092317616738976 0.93 1524981771.7263594
1 11.875108755892342 0.97 1524981771.957514
2 10.741487537960497 0.93 1524981772.0131578
1 11.861642874519616 0.97 1524981772.2151651
2 10.787042652791447 0.93 1524981772.2774537
1 11.8571949374996 0.97 1524981772.4651284
2 11.289873159099143 0.93 1524981772.542266
1 11.818979300221391 0.97 1524981772.7236276
2 10.81809428859148 0.93 1524981772.8304243
1 11.802179373432294 0.97 1524981772.978929
2 11.02250102725346 0.93 1524981773.1020582
1 11.704988516317668 0.97 1524981773.2421117
2 10.636262928389511 0.93 1524981773.4063044
1 11.720247305408586 0.97 1524981773.4880078
2 10.70298198368956 0.93 1524981773.6639452
1 11.765985525708624 0.97 1524981773.7436285
2 11.174364125680855 0.93 1524981773.904114
1 11.766908682448625 0.97 1524981773.9975736
2 10.938737904538849 0.93 1524981774.2013514
1 11.881898917037809 0.97 1524981774.245657
2 11.557138479421182 0.93 1524981774.443392
1 11.87563518411598 0.97 1524981774.4990566
2 11.31674388668825 0.93 1524981774.7271082
1 11.910402335059656 0.97 1524981774.752645
2 11.22606853251545 0.93 1524981774.9744298
1 11.915025748154196 0.97 1524981774.998909
1 11.951974905937865 0.97 1524981775.2577744
2 11.39480022228286 0.93 1524981775.2852912
1 11.788301504754092 0.97 1524981775.5210307
2 11.103303944884436 0.93 1524981775.5429487
1 11.709962881561298 0.97 1524981775.772564
2 10.907724415711552 0.93 1524981775.8253582
1 11.80150798671229 0.97 1524981776.022246
2 11.063005482895317 0.93 1524981776.0571804
1 11.80246166103047 0.97 1524981776.2657793
2 10.650224720407698 0.93 1524981776.3789034
1 11.98674968627607 0.97 1524981776.5224867
2 10.623506580709499 0.93 1524981776.6509314
1 12.057374991583414 0.95 1524981776.7658162
2 10.99898723326435 0.93 1524981776.9191108
1 11.974695242894253 0.95 1524981777.0206687
2 10.692003284938638 0.93 1524981777.1802335
1 11.89885906111237 0.95 1524981777.2760968
2 11.03719524114802 0.93 1524981777.4663143
1 11.791193045286827 0.95 1524981777.539316
2 11.363939321346477 0.93 1524981777.7069643
1 11.669473684708535 0.95 1524981777.7994146
2 11.276582753800941 0.93 1524981777.981224
1 11.609231985377587 0.95 1524981778.0545166
2 11.092584645548062 0.93 1524981778.2642543
1 11.630380667057597 0.95 1524981778.3072906
2 11.299493825620965 0.93 1524981778.5298474
1 11.706995047083112 0.95 1524981778.5617115
2 10.938524281491574 0.93 1524981778.805404
1 11.73844341139951 0.95 1524981778.830062
2 11.226099050093627 0.93 1524981779.0498617
1 11.604585684099401 0.95 1524981779.0860891
2 11.107645070380803 0.93 1524981779.3470397
1 11.552049673259354 0.95 1524981779.373226
1 11.55881694622118 0.95 1524981779.6002
2 10.723405872887758 0.93 1524981779.6465068
1 11.593393362301205 0.95 1524981779.8542652
2 10.853799855064224 0.93 1524981779.9089506
1 11.724931753659499 0.95 1524981780.111827
2 10.346529041131078 0.93 1524981780.207932
1 11.773439444179532 0.95 1524981780.3670268
2 10.755258595115054 0.93 1524981780.4602308
1 11.805933035548657 0.95 1524981780.6184714
2 11.195673024646327 0.93 1524981780.719232
1 11.842844046359593 0.95 1524981780.8644977
2 11.069459950680773 0.93 1524981780.993462
1 11.94795421501241 0.95 1524981781.1213467
2 11.66173747863944 0.93 1524981781.2368753
1 11.9722538366397 0.95 1524981781.3705668
2 11.472536123306567 0.93 1524981781.5054872
1 11.89048961529599 0.95 1524981781.6257794
2 11.375223195879213 0.93 1524981781.7752924
1 11.8564548862287 0.95 1524981781.8820927
2 11.750436819624973 0.93 1524981782.014851
1 11.808107412994115 0.95 1524981782.136443
2 11.049654042440757 0.93 1524981782.3231473
1 11.71936992503585 0.95 1524981782.3960836
2 11.176248586133585 0.93 1524981782.5776222
1 11.654214895617619 0.95 1524981782.6550708
2 10.635515247724047 0.93 1524981782.9045208
1 11.65482524718126 0.95 1524981782.9293888
1 11.616655386270322 0.95 1524981783.1730738
2 10.194772754227316 0.93 1524981783.1955807
1 11.71970561839585 0.95 1524981783.4182487
2 10.422296558362051 0.93 1524981783.4737575
1 11.82991222260504 0.95 1524981783.6710882
2 10.274004016581939 0.93 1524981783.7458527
1 11.750108755659523 0.95 1524981783.931421
2 10.836168324269666 0.93 1524981784.0120814
1 11.780160940774083 0.95 1524981784.1830637
2 10.935998951897021 0.93 1524981784.289491
1 11.794580496465008 0.95 1524981784.4379942
2 10.76371959366597 0.93 1524981784.589114
1 11.652704275497625 0.95 1524981784.70052
2 10.679590260013171 0.93 1524981784.8698068
1 11.643556631437606 0.95 1524981784.962252
2 10.677682911376817 0.93 1524981785.1361542
1 11.645540274019428 0.95 1524981785.2156312
2 10.85016826326059 0.93 1524981785.3951776
1 11.58118633102847 0.95 1524981785.4778411
2 11.21612743142271 0.93 1524981785.6593335
1 11.65267375791943 0.95 1524981785.7265425
2 11.341074025893725 0.93 1524981785.9280732
1 11.697267569037649 0.95 1524981785.9834301
2 11.475191152608378 0.93 1524981786.1816204
1 11.752168692186792 0.95 1524981786.235933
2 11.062509572249851 0.93 1524981786.4842129
1 11.827394522405038 0.95 1524981786.5090764
1 11.888803519101447 0.95 1524981786.7407703
2 10.836114918507848 0.93 1524981786.7676368
1 11.718118704330395 0.95 1524981787.0158617
2 10.80081370994601 0.93 1524981787.0452409
1 11.549211538488446 0.95 1524981787.2787912
2 10.52594951265668 0.93 1524981787.3263319
1 11.363191640681022 0.95 1524981787.5410213
2 10.633905445474953 0.93 1524981787.60961
1 11.358400380906465 0.95 1524981787.7987099
2 11.072732960940773 0.93 1524981787.852614
1 11.41796306412288 0.95 1524981788.0648584
2 11.121896779391722 0.93 1524981788.116638
1 11.513734853852053 0.95 1524981788.3208513
2 11.073488271000771 0.93 1524981788.4034252
1 11.608377493188495 0.95 1524981788.5730033
2 11.55896953411209 0.93 1524981788.6495402
1 11.558420217704816 0.95 1524981788.8336537
2 11.125299489359005 0.93 1524981788.9286036
1 11.708055532924933 0.95 1524981789.0831215
2 10.963899647749775 0.93 1524981789.2116792
1 11.720155752674042 0.95 1524981789.3419685
2 10.91436961836064 0.93 1524981789.5023925
1 11.755785025201341 0.95 1524981789.5965261
2 10.860521351658775 0.93 1524981789.7560716
1 11.761064566226798 0.95 1524981789.8542683
2 10.626848255520402 0.93 1524981790.0595706
1 11.78206828941045 0.95 1524981790.1030543
2 10.825357472198752 0.93 1524981790.3213773
1 11.75242809160134 0.95 1524981790.3601031
2 10.889360463040628 0.93 1524981790.6054876
1 11.769189871417709 0.95 1524981790.6298215
1 11.839433706997768 0.95 1524981790.8649607
2 10.61041453966949 0.93 1524981790.8893728
1 11.8231754672214 0.95 1524981791.1203036
2 11.303331411077332 0.93 1524981791.1446946
1 11.78480724205227 0.95 1524981791.381397
2 10.594392811124022 0.93 1524981791.4533107
1 11.76189617023226 0.95 1524981791.6363232
2 10.875299488893345 0.93 1524981791.7081025
1 11.701067007521296 0.95 1524981791.8935893
2 10.317178760314691 0.93 1524981792.0472915
1 11.547639883212081 0.95 1524981792.1589525
2 9.997049365187161 0.937 1524981792.321445
1 11.617906606975778 0.95 1524981792.4163105
2 10.72068980842958 0.937 1524981792.572707
1 11.609430349635764 0.95 1524981792.6666946
2 10.33168223934561 0.937 1524981792.870141
1 11.595636404297569 0.95 1524981792.9257681
2 11.095346486373522 0.937 1524981793.1277225
1 11.757524527157702 0.95 1524981793.1831105
2 11.3905277613374 0.937 1524981793.3765903
1 11.739000357201324 0.95 1524981793.4391282
2 10.965799366991595 0.937 1524981793.667794
1 11.793657339725002 0.95 1524981793.6944983
2 11.499315298161124 0.937 1524981793.9142182
1 11.687150991870379 0.95 1524981793.9536588
2 11.283861196197318 0.937 1524981794.192223
1 11.593927419919389 0.95 1524981794.218283
2 11.127374684675368 0.937 1524981794.4539375
1 11.57930949997029 0.95 1524981794.4791293
2 11.561655080992084 0.937 1524981794.7082298
1 11.541299856344805 0.95 1524981794.7301865
2 11.348726308622823 0.937 1524981794.9734607
1 11.639772451743056 0.95 1524981795.0016882
2 11.404497182750145 0.937 1524981795.2457259
1 11.61615184623032 0.95 1524981795.2719529
1 11.55698589153027 0.95 1524981795.5090106
2 11.103242909728067 0.937 1524981795.5418935
1 11.433244741397436 0.95 1524981795.7760558
2 10.951082264913403 0.937 1524981795.8029666
1 11.4587803249411 0.95 1524981796.0368893
2 10.865968739364243 0.937 1524981796.0756986
1 11.515146291842962 0.95 1524981796.2889473
2 10.820314442404197 0.937 1524981796.3510673
1 11.55082134073753 0.95 1524981796.5461729
2 10.551469837411252 0.937 1524981796.6698961
1 11.67096904603945 0.95 1524981796.8026247
2 10.341478381941988 0.937 1524981796.9636106
1 11.679369009433998 0.95 1524981797.0601869
2 10.306177173380139 0.937 1524981797.2387164
1 11.65048412168489 0.95 1524981797.3214536
2 10.543878589838524 0.937 1524981797.4896395
1 11.693025625670376 0.95 1524981797.5751884
2 10.784013783156897 0.937 1524981797.7838678
1 11.568864858837546 0.95 1524981797.8431594
2 10.782205616649623 0.937 1524981798.0773432
1 11.587205923324841 0.95 1524981798.112057
1 11.630891836492145 0.95 1524981798.3500903
2 10.699686085245926 0.937 1524981798.3721998
2 10.78871349019691 0.937 1524981798.6034584
1 11.625589407283053 0.95 1524981798.6258392
1 11.664514578253991 0.95 1524981798.873006
2 10.803018604969637 0.937 1524981798.9030836
1 11.55300334757754 0.95 1524981799.1327498
2 11.167871510922678 0.937 1524981799.1569538
1 11.57837108444119 0.95 1524981799.3868408
2 11.151979482084482 0.937 1524981799.4358726
1 11.578012502897563 0.95 1524981799.6413825
2 11.110521352124447 0.937 1524981799.6813633
1 11.686609304857647 0.95 1524981799.8996236
2 10.949602162371583 0.937 1524981799.9892073
1 11.774766958830451 0.95 1524981800.1553736
2 10.67633250854227 0.937 1524981800.2734983
1 11.644998587006697 0.95 1524981800.4168744
2 10.631624256505864 0.937 1524981800.5679054
1 11.670724905413996 0.95 1524981800.6731286
2 10.55028728125671 0.937 1524981800.8193104
1 11.488115346968385 0.95 1524981800.9428763
2 10.907220875671541 0.937 1524981801.089481
1 11.441057241411995 0.95 1524981801.202072
2 10.842378651429678 0.937 1524981801.379
1 11.458292043690182 0.95 1524981801.4636233
2 10.924585377657015 0.937 1524981801.6684134
1 11.42054179947924 0.95 1524981801.7218688
2 10.874246632446068 0.937 1524981801.923755
1 11.598657644537576 0.95 1524981801.9769003
2 10.867113148546059 0.937 1524981802.1950889
1 11.566003835882997 0.95 1524981802.2398415
2 11.259111440291834 0.937 1524981802.445199
1 11.634180105541233 0.95 1524981802.4995184
2 11.498369253237488 0.937 1524981802.7109573
1 11.598176992681207 0.95 1524981802.7619467
2 11.417329824375603 0.937 1524981802.9750345
1 11.543939626857524 0.95 1524981803.0134466
2 11.558633840752087 0.937 1524981803.2330875
1 11.553552663984803 0.95 1524981803.2788599
2 11.419214284828332 0.937 1524981803.4965787
1 11.504144704908402 0.95 1524981803.5412452
2 11.518358266946596 0.937 1524981803.7507527
1 11.535142934946618 0.95 1524981803.79611
2 11.587694204575746 0.937 1524981804.012393
1 11.544275320217526 0.95 1524981804.0547383
2 11.347902334011916 0.937 1524981804.2906866
1 11.589181936512109 0.95 1524981804.3172228
2 11.444803274133813 0.937 1524981804.5447474
1 11.596391714357571 0.95 1524981804.5764036
2 11.294710195240958 0.937 1524981804.8118312
1 11.529199636595694 0.95 1524981804.8348796
2 11.13459209191537 0.937 1524981805.0915923
1 11.528825796262966 0.95 1524981805.1171231
1 11.596368826173942 0.95 1524981805.3458307
2 11.082269704122599 0.937 1524981805.3735387
2 10.617013965951305 0.937 1524981805.673907
2 6 frame freq 1524981805.6756206
1 11.67482951967946 0.95 1524981805.8653202
1 6 frame freq 1524981805.8669012
2 13.882417719592194 0.917 1524981805.9507225
1 14.9446583221567 0.93 1524981806.1519427
2 19.740711308532788 0.897 1524981806.2855203
1 20.60721216463896 0.91 1524981806.4483068
2 18.44470605709536 0.877 1524981806.6020846
1 20.329776861387828 0.89 1524981806.7397304
2 18.997333621601275 0.857 1524981806.9136312
1 19.957447148780254 0.87 1524981807.0501084
2 18.837925051968398 0.837 1524981807.2392817
1 19.28371057525969 0.85 1524981807.363979
2 18.5525246608118 0.817 1524981807.5655327
1 19.33925256755064 0.83 1524981807.6712275
2 18.444934938931713 0.797 1524981807.889725
1 19.085117435241354 0.81 1524981807.9898224
2 18.36532983624437 0.777 1524981808.2140975
1 18.689441775324656 0.79 1524981808.31163
2 18.571735476277283 0.757 1524981808.5383062
1 18.446125124480815 0.77 1524981808.644085
2 18.21744165237518 0.737 1524981808.8723233
1 18.123432252786007 0.75 1524981808.9723206
2 17.508960816094596 0.717 1524981809.220913
1 17.8724862073967 0.73 1524981809.3119996
2 17.359485718159902 0.697 1524981809.5635352
1 17.200718017668876 0.71 1524981809.6740503
2 17.18472680670159 0.677 1524981809.922702
1 17.367359253330843 0.69 1524981810.0067394
2 17.183826538145215 0.657 1524981810.2619748
1 17.14900598143974 0.67 1524981810.369829
2 17.004642577850525 0.637 1524981810.62518
1 16.247516721948088 0.65 1524981810.742069
2 16.64419946194479 0.617 1524981810.9855602
1 16.027195066264266 0.63 1524981811.121205
2 16.293354124377224 0.597 1524981811.3613608
1 15.920686766357505 0.61 1524981811.495229
2 15.712762876810071 0.577 1524981811.746393
1 15.66345409986276 0.59 1524981811.8844194
2 16.061496824140647 0.557 1524981812.1098075
1 15.079248471333178 0.57 1524981812.2933657
2 15.751550718679196 0.537 1524981812.507975
1 14.75392345852019 0.55 1524981812.698036
2 15.19967083483873 0.517 1524981812.8993628
1 14.261919063072497 0.53 1524981813.1312559
2 14.815050167618416 0.497 1524981813.3205051
1 13.344347039879024 0.51 1524981813.5977266
2 13.964410822772262 0.477 1524981813.75733
1 13.00808147528783 0.49 1524981814.053367
2 13.647348444251996 0.457 1524981814.197051
1 13.02675060374057 0.47 1524981814.5205107
2 13.492052118279144 0.437 1524981814.648171
1 12.1541233438144 0.45 1524981815.0415952
2 12.414552726623707 0.417 1524981815.1644843
1 11.22996715312818 0.45 1524981815.5881534
2 11.356126821331925 0.417 1524981815.7058134
1 11.46736339380474 0.45 1524981816.088123
2 11.757989920224972 0.417 1524981816.1870668
1 11.458688772206552 0.45 1524981816.639643
2 12.26185039479631 0.397 1524981816.6815078
1 11.097124135302616 0.45 1524981817.1701796
2 12.03645519173976 0.377 1524981817.1927333
1 11.596170461915758 0.45 1524981817.6715605
2 11.91582683458147 0.377 1524981817.6933272
1 11.495965993955672 0.45 1524981818.218015
2 11.505052602859312 0.377 1524981818.2422798
1 11.319665944799166 0.45 1524981818.7302542
2 11.817003287034114 0.377 1524981818.75203
2 11.61008647756667 0.377 1524981819.2620163
1 11.36667827398829 0.45 1524981819.2875946
2 11.24692729720274 0.377 1524981819.772062
1 11.377855336997387 0.45 1524981819.7937047
1 11.721803701895858 0.45 1524981820.2975478
2 11.260286367051844 0.377 1524981820.3268747
2 11.38660625254104 0.377 1524981820.8276331
1 11.414659536284695 0.45 1524981820.850825
2 11.970788992886977 0.377 1524981821.3328087
1 11.26066020738457 0.45 1524981821.3575933
2 11.290147817302772 0.377 1524981821.8910992
1 10.911134755073363 0.45 1524981821.934112
2 11.186990773653601 0.377 1524981822.3999636
1 10.817941700700567 0.45 1524981822.4678743
2 11.269914662968207 0.377 1524981822.9569542
1 11.525453603873878 0.45 1524981822.9816227
2 11.18322948214269 0.377 1524981823.4745667
1 11.770120657552262 0.45 1524981823.4965646
2 12.040041007176114 0.357 1524981823.9537714
1 11.749467886517692 0.45 1524981823.9979968
1 12.088075675234336 0.43 1524981824.4810884
2 12.115625418937999 0.337 1524981824.5313437
1 11.402093923468318 0.43 1524981825.0494304
2 10.571214710494901 0.337 1524981825.0890253
1 10.987573659024347 0.43 1524981825.579872
2 9.687181505723265 0.4033 1524981825.7012985
2 11.23131755596273 0.4033 1524981826.1536021
1 10.689874683860456 0.43 1524981826.1751695
2 12.03747753060884 0.3833 1524981826.6991565
1 10.539453541002157 0.43 1524981826.7215705
2 11.247751271813653 0.3833 1524981827.2223756
1 10.947481190687943 0.43 1524981827.2674518
2 11.932542838030578 0.3833 1524981827.7078655
1 10.76775554338052 0.43 1524981827.8279667
2 12.062784232316137 0.3633 1524981828.2207656
1 11.147371327779016 0.43 1524981828.3433552
2 10.990495717135252 0.3633 1524981828.7991145
1 11.174097096871769 0.43 1524981828.9009821
2 10.926118885960648 0.3633 1524981829.3151278
1 10.926652943578835 0.43 1524981829.4426782
2 11.43497661395925 0.3633 1524981829.8480296
1 11.105096852602614 0.43 1524981829.9819276
2 11.096834218309883 0.3633 1524981830.3959394
1 11.02932933537165 0.43 1524981830.5301828
2 10.911523854195188 0.3633 1524981830.944414
1 11.079370534195332 0.43 1524981831.0638218
2 10.626306568507685 0.3633 1524981831.5232854
1 10.87860301673153 0.43 1524981831.6334615
2 10.820497547873288 0.3633 1524981832.0550787
1 10.537515674787612 0.43 1524981832.2024713
2 11.218378102813627 0.3633 1524981832.593232
1 10.573061023974901 0.43 1524981832.7674305
2 11.100717580133528 0.3633 1524981833.1343262
1 10.652200733594976 0.43 1524981833.3281949
2 10.904466664240633 0.3633 1524981833.6962285
1 10.794885670384186 0.43 1524981833.882307
2 11.091287648475332 0.3633 1524981834.2164876
1 10.946718251233396 0.43 1524981834.4280915
2 11.240373647288187 0.3633 1524981834.764826
1 11.117876088466264 0.43 1524981834.9605649
2 11.349351918975554 0.3633 1524981835.2801147
1 11.165720021660848 0.43 1524981835.498934
2 11.227891957811806 0.3633 1524981835.832611
1 11.191080129129958 0.43 1524981836.0349123
2 11.480913198517477 0.3633 1524981836.3363278
1 10.934442555409749 0.43 1524981836.5959327
2 11.178789174517231 0.3633 1524981836.9033003
1 11.117006337488087 0.43 1524981837.1150057
2 10.535783802225785 0.3633 1524981837.4581294
1 11.564966238224821 0.43 1524981837.641485
2 11.349962270539192 0.3633 1524981837.962489
1 11.10116771441171 0.43 1524981838.193309
2 12.092683829539801 0.3433 1524981838.4833205
1 10.952463185326135 0.43 1524981838.7288563
2 11.420137441568329 0.3433 1524981839.0115252
1 11.345575368675542 0.43 1524981839.2496836
2 10.762064015049614 0.3433 1524981839.590649
1 11.11625102742809 0.43 1524981839.8079195
2 11.116563832604449 0.3433 1524981840.090671
1 10.79909709617328 0.43 1524981840.3601606
2 10.161859546158208 0.3433 1524981840.751063
1 10.472650562362093 0.43 1524981840.9548187
2 9.971277270412587 0.40896666666666665 1524981841.2941244
1 10.639757191091332 0.43 1524981841.488594
2 11.829629935006862 0.40896666666666665 1524981841.7640388
1 11.032396351978925 0.43 1524981842.0517516
2 12.849733391496784 0.3889666666666667 1524981842.2303278
1 10.693918262969554 0.43 1524981842.6099281
2 12.454401054334644 0.36896666666666667 1524981842.7254767
1 10.793077503876905 0.43 1524981843.155957
2 11.602708853041213 0.36896666666666667 1524981843.2655327
1 10.818719898944199 0.43 1524981843.7199218
2 11.589952505361204 0.36896666666666667 1524981843.760843
2 12.195444144672615 0.34896666666666665 1524981844.250372
1 10.82547191311694 0.43 1524981844.275827
1 11.125192677835363 0.43 1524981844.7992747
2 11.356851613813742 0.34896666666666665 1524981844.8214252
1 10.949129139909758 0.43 1524981845.3603888
2 10.677125965574987 0.34896666666666665 1524981845.3857496
1 11.007661854862542 0.43 1524981845.4104474
2 10.746500050176873 0.34896666666666665 1524981845.4388995
1 4 frame freq 1524981845.4402034
2 4 frame freq 1524981845.4407942
1 10.750772511122323 0.43 1524981845.9138293
2 11.128374135360822 0.34896666666666665 1524981845.9421933
1 7.714608206813425 0.487 1524981846.4324586
2 10.87172130285152 0.34896666666666665 1524981846.4792578
1 8.174493819800196 0.5383 1524981846.8681765
2 7.708188071303422 0.4140666666666667 1524981846.9827034
1 8.716211350106095 0.5844666666666667 1524981847.2903163
2 7.861512198786275 0.47263333333333335 1524981847.4673562
1 9.56887248450681 0.626 1524981847.6841507
2 8.723245651877017 0.5253666666666666 1524981847.8526952
1 9.978952441325331 0.6634 1524981848.0708535
2 9.577089342432265 0.5728 1524981848.234447
1 10.551149402840343 0.6634 1524981848.4283953
2 10.732996021831406 0.5728 1524981848.5837922
1 10.750795399305959 0.6634 1524981848.7949338
2 11.200838124753604 0.5728 1524981848.923625
1 11.12101939901899 0.6634 1524981849.149425
2 11.41960338395016 0.5728 1524981849.2866938
1 11.189043080786332 0.6634 1524981849.501794
2 11.289018666910039 0.5728 1524981849.6470835
1 11.224618947551804 0.6634 1524981849.8646214
2 10.701318775678653 0.5728 1524981850.0426378
1 11.101381337458987 0.6634 1524981850.2305732
2 10.802751576160558 0.5728 1524981850.3969676
1 11.083391225120785 0.6634 1524981850.5839484
2 10.768869434984154 0.5728 1524981850.7614524
1 11.25849345933366 0.6634 1524981850.930208
2 11.266977346068211 0.5728 1524981851.1074378
1 11.321519887673714 0.6634 1524981851.2898598
2 11.1575718282863 0.5728 1524981851.4742167
1 11.440477407426535 0.6634 1524981851.6341937
2 11.284990346590035 0.5728 1524981851.8242097
1 11.365251577208284 0.6634 1524981851.9870596
2 11.093729054729886 0.5728 1524981852.189255
1 11.42234233659197 0.6634 1524981852.3390741
2 11.316141164519163 0.5728 1524981852.5338483
1 11.311265981404613 0.6634 1524981852.696057
2 11.142694508922654 0.5728 1524981852.901859
1 11.36757091315011 0.6634 1524981853.0414164
2 11.12188152060263 0.5728 1524981853.267854
1 11.500581777655672 0.6634 1524981853.3826113
2 10.93110088059884 0.5728 1524981853.6294224
1 11.448366201386543 0.6634 1524981853.7427537
2 11.015192067278907 0.5728 1524981853.991706
1 11.22934154277545 0.6634 1524981854.109694
2 11.006441151735267 0.5728 1524981854.3583562
1 11.177743947464503 0.6634 1524981854.4581509
2 11.117654836024444 0.5728 1524981854.7092135
1 11.188165700413595 0.6634 1524981854.8157816
2 11.184061086148143 0.5728 1524981855.067554
1 11.428468740411985 0.6634 1524981855.1630933
2 11.404146230601054 0.5728 1524981855.4131835
1 11.300844228455514 0.6634 1524981855.5175316
2 11.370203054268291 0.5728 1524981855.76627
1 11.455263174055643 0.6634 1524981855.8619592
2 11.328836477042799 0.5728 1524981856.12493
1 11.497430837708395 0.6634 1524981856.2054024
2 11.363435781306473 0.5728 1524981856.4812243
1 11.663225210575808 0.6634 1524981856.5490274
2 11.482004201937478 0.5728 1524981856.809581
1 11.5774326689121 0.6634 1524981856.8992684
2 11.404039419077419 0.5728 1524981857.1759076
1 11.57057384321573 0.6634 1524981857.2420535
2 11.203706777102695 0.5728 1524981857.5409758
1 11.475008047139296 0.6634 1524981857.5939903
2 11.069742238278952 0.5728 1524981857.8973346
1 11.477541006128387 0.6634 1524981857.9444804
2 11.070901906249867 0.5728 1524981858.2605925
1 11.539308584368433 0.6634 1524981858.2829027
2 11.180406606160862 0.5728 1524981858.6180656
1 11.413888967435602 0.6634 1524981858.6470861
2 11.142694508922654 0.5728 1524981858.9709952
1 11.386117971290126 0.6634 1524981858.9976983
1 11.293115651780953 0.6634 1524981859.3447864
2 11.00872234070436 0.5728 1524981859.3678677
2 11.047906911089846 0.5728 1524981859.699304
1 11.34514049318645 0.6634 1524981859.7231662
1 11.435953176461073 0.6634 1524981860.0482125
2 11.080637013689874 0.5728 1524981860.0735185
1 11.459596670157453 0.6634 1524981860.39148
2 11.288179433510045 0.5728 1524981860.4136584
1 11.430650747251978 0.6634 1524981860.7517457
2 11.139375722295382 0.5728 1524981860.7753012
1 11.393137014271943 0.6634 1524981861.1041746
2 11.333124196777353 0.5728 1524981861.129469
1 11.334398305666445 0.6634 1524981861.4491174
2 11.10359386187717 0.5728 1524981861.4944882
1 11.346788442408279 0.6634 1524981861.809188
2 11.289339101480952 0.5728 1524981861.8391266
1 11.308305776320976 0.6634 1524981862.1633317
2 10.91899303145519 0.5728 1524981862.2143857
1 11.135141408322651 0.6634 1524981862.528591
2 11.155839955724483 0.5728 1524981862.5744443
1 10.993776356789803 0.6634 1524981862.900305
2 11.015840565815271 0.5728 1524981862.927405
1 10.918581044149734 0.6634 1524981863.2605555
2 11.272356069222763 0.5728 1524981863.2831292
1 11.041635548773481 0.6634 1524981863.6160736
2 11.093111073771704 0.5728 1524981863.6563475
1 11.164209401540852 0.6634 1524981863.9752228
2 11.01573375429164 0.5728 1524981864.016243
1 11.006296193238903 0.6634 1524981864.3513663
2 11.000337636098898 0.5728 1524981864.3734436
1 10.934839283926113 0.6634 1524981864.7145264
2 11.06046489451167 0.5728 1524981864.7394254
1 11.166879689631758 0.6634 1524981865.049803
2 11.038095509704378 0.5728 1524981865.102949
1 11.420412099771971 0.6634 1524981865.4018812
2 10.799211537091459 0.5728 1524981865.477643
1 11.438074148144718 0.6634 1524981865.7638898
2 11.072153126955318 0.5728 1524981865.820602
1 11.210367238540883 0.6634 1524981866.1218193
2 11.057649647924396 0.5728 1524981866.1875987
1 11.095796620651706 0.6634 1524981866.4831219
2 11.158762013835391 0.5728 1524981866.552777
1 11.086099660184429 0.6634 1524981866.8429873
2 10.797052418435095 0.5728 1524981866.93102
1 11.07506755567168 0.6634 1524981867.2071104
2 10.817392384293294 0.5728 1524981867.298015
1 11.327463186024628 0.6634 1524981867.5418084
2 10.926073109593379 0.5728 1524981867.650942
1 11.343187368182813 0.6634 1524981867.9020443
2 10.933130299547928 0.5728 1524981868.0279796
1 11.471330678968378 0.6634 1524981868.2511284
2 10.92332652755701 0.5728 1524981868.397427
1 11.38289836679194 0.6634 1524981868.5963597
2 10.755823170311416 0.5728 1524981868.7691166
1 11.398599660766493 0.6634 1524981868.9532864
2 11.015802418842549 0.5728 1524981869.116816
1 11.25681499253366 0.6634 1524981869.3148293
2 11.249841725919108 0.5728 1524981869.4645233
1 11.159128224773577 0.6634 1524981869.6729639
2 11.512743032561133 0.5728 1524981869.8094742
1 11.130106007922638 0.6634 1524981870.0319889
2 11.532831228399331 0.5728 1524981870.1579685
1 11.14399913538993 0.6634 1524981870.3925147
2 11.582468069312108 0.5728 1524981870.5006855
1 11.076471364268052 0.6634 1524981870.758181
2 11.475038564717472 0.5728 1524981870.8558187
1 10.910142933782462 0.6634 1524981871.130865
2 11.307237661084601 0.5728 1524981871.2212653
1 11.000864064322538 0.6634 1524981871.4838016
2 11.105409657778981 0.5728 1524981871.57916
1 11.176279103711764 0.6634 1524981871.8302355
2 11.037675893004387 0.5728 1524981871.945022
1 11.407671010881048 0.6634 1524981872.1839633
2 11.264574086786386 0.5728 1524981872.283852
1 11.294984853444593 0.6634 1524981872.5457761
2 11.11994365438809 0.5728 1524981872.6585977
1 11.172647511908126 0.6634 1524981872.9021983
2 11.20727733374998 0.5728 1524981873.0162728
1 11.04487041206075 0.6634 1524981873.2711134
2 10.844461476140584 0.5728 1524981873.3905706
1 11.091836964882607 0.6634 1524981873.62993
2 10.616197620734948 0.5728 1524981873.7886775
1 11.34664348391191 0.6634 1524981873.9613976
2 10.506959949633032 0.5728 1524981874.155439
1 11.456728017808372 0.6634 1524981874.3216808
2 10.484376941778477 0.5728 1524981874.5383127
1 11.614122427281217 0.6634 1524981874.6608446
2 10.877191578740614 0.5728 1524981874.8914824
1 11.474405324970194 0.6634 1524981875.00599
2 11.01726726259527 0.5728 1524981875.2446122
1 11.45276073264473 0.6634 1524981875.3650956
2 11.164079701833579 0.5728 1524981875.6133165
1 11.322114980448251 0.6634 1524981875.722503
2 11.120904958100816 0.5728 1524981875.9726794
1 11.155214345371759 0.6634 1524981876.0828176
2 11.000452077017073 0.5728 1524981876.335691
1 11.079019582046229 0.6634 1524981876.4484682
2 11.194719350328153 0.5728 1524981876.684031
1 11.18222240206268 0.6634 1524981876.797407
2 11.177545583206312 0.5728 1524981877.0443027
1 11.239236867500914 0.6634 1524981877.1496227
2 11.112726247148084 0.5728 1524981877.414682
1 11.235658681459086 0.6634 1524981877.516207
2 11.043169057077113 0.5728 1524981877.7704453
1 11.041521107855294 0.6634 1524981877.8824782
2 10.894319569495178 0.5728 1524981878.1471484
1 10.985750233727982 0.6634 1524981878.2432432
2 10.84924510652059 0.5728 1524981878.521669
1 11.176569020704493 0.6634 1524981878.5890136
2 11.024416005284372 0.5728 1524981878.8569217
1 11.307886159620963 0.6634 1524981878.9421551
2 11.165010487968118 0.5728 1524981879.2272232
1 11.43113139910835 0.6634 1524981879.296174
2 11.227937734179081 0.5728 1524981879.591183
1 11.320596730933703 0.6634 1524981879.653986
2 10.800958668442368 0.5728 1524981879.9691613
1 11.225679433393632 0.6634 1524981880.011079
2 10.786401783649628 0.5728 1524981880.3377638
1 11.059534108377123 0.6634 1524981880.3791094
2 10.717554127271384 0.5728 1524981880.7102776
1 11.10923198444626 0.6634 1524981880.733333
2 10.94098094653521 0.5728 1524981881.0663462
1 11.18047527071177 0.6634 1524981881.0890567
2 11.124895131448097 0.5728 1524981881.4126232
1 11.352533376501011 0.6634 1524981881.436266
2 11.214860951928165 0.5728 1524981881.7816253
1 11.282686269437313 0.6634 1524981881.8056808
2 11.306879079540975 0.5728 1524981882.1287215
1 11.333116567382813 0.6634 1524981882.1518898
2 11.593843496579392 0.5728 1524981882.4481504
1 11.293191945726416 0.6634 1524981882.4964724
2 11.70939830636494 0.5728 1524981882.8104289
1 11.417177236484699 0.6634 1524981882.8471158
2 11.39286998546286 0.5728 1524981883.1806357
1 11.421602285321057 0.6634 1524981883.2029574
1 11.460451162346548 0.6634 1524981883.5435996
2 10.703409229784109 0.5728 1524981883.5688508
1 11.374040639724662 0.6634 1524981883.9008553
2 10.766359364178703 0.5728 1524981883.9257648
1 11.350069082062824 0.6634 1524981884.2520742
2 11.175363576366319 0.5728 1524981884.277698
1 11.423090017257431 0.6634 1524981884.5932853
2 11.236421620913639 0.5728 1524981884.6357074
1 11.450098073948359 0.6634 1524981884.9469151
2 11.149866139795387 0.5728 1524981884.994725
1 11.36387065679556 0.6634 1524981885.310292
2 10.88139537513516 0.5728 1524981885.363077
1 11.342409169939174 0.6634 1524981885.6533828
