1 4 1524982609.0542333
2 4 1524982609.6135564
1 10.81218913721329 0.99 1524982610.1882823
1 11.369539296942834 0.99 1524982610.4375017
1 11.857782400879612 0.99 1524982610.6894307
2 10.100252185203601 0.99 1524982610.8233984
1 12.045579947616124 0.97 1524982610.9313366
2 10.81385997461875 0.99 1524982611.0609465
1 11.988489188232437 0.97 1524982611.1886654
2 11.044267689891667 0.99 1524982611.390269
1 11.966829337117879 0.97 1524982611.4375427
2 10.935594593986123 0.99 1524982611.6344795
1 11.95088390251787 0.97 1524982611.687639
2 11.04881480904076 0.99 1524982611.9096313
1 11.951349295585135 0.97 1524982611.935175
2 10.788644825645997 0.99 1524982612.1746402
1 11.991983450934258 0.97 1524982612.1963007
2 11.659929312132167 0.99 1524982612.4200354
1 12.096239127397986 0.95 1524982612.4462159
1 11.985696829828798 0.95 1524982612.6889348
2 11.108964955637168 0.99 1524982612.7142367
1 11.940691031405128 0.95 1524982612.9439764
2 11.457002676011998 0.99 1524982612.9651163
2 11.728967703374046 0.99 1524982613.2030892
1 11.885950125541441 0.95 1524982613.2336879
1 11.563119924744813 0.95 1524982613.4698806
2 10.88961223306063 0.99 1524982613.5190408
1 11.64809612119216 0.95 1524982613.7202446
2 11.493364370415666 0.99 1524982613.7618244
1 11.622377432179412 0.95 1524982613.9779487
2 11.56218150921573 0.99 1524982614.0067203
1 11.630174673404875 0.95 1524982614.2292893
2 11.189752614479058 0.99 1524982614.267713
1 11.81406597013411 0.95 1524982614.4873116
2 11.86560253028871 0.99 1524982614.527553
1 11.74118999343588 0.95 1524982614.744766
2 11.913957632917832 0.99 1524982614.7689667
1 11.707704580775843 0.95 1524982615.0008402
2 11.275453603408216 0.99 1524982615.0579073
1 11.714990652566758 0.95 1524982615.2581303
2 10.533815418433061 0.99 1524982615.4073482
1 11.701120413283109 0.95 1524982615.511144
2 10.15484813257092 0.99 1524982615.7104528
1 11.658861196895808 0.95 1524982615.770827
2 9.688371691272357 0.99 1524982616.0062492
1 11.569627798292101 0.95 1524982616.0366337
2 10.12092784442181 0.99 1524982616.2450538
1 11.47968486599566 0.95 1524982616.3032444
2 11.122133290622628 0.99 1524982616.4864829
1 11.420503652506515 0.95 1524982616.5641708
2 11.25994304429729 0.99 1524982616.776382
1 11.374444997635576 0.95 1524982616.82861
2 11.895608939036006 0.99 1524982617.0148416
1 11.403421438119237 0.95 1524982617.0893815
2 11.547548330477525 0.99 1524982617.2847722
1 11.534296072152065 0.95 1524982617.3453867
2 11.386240041602854 0.99 1524982617.541388
1 11.506135976884766 0.95 1524982617.606583
2 12.009378470497909 0.97 1524982617.7744815
1 11.535989797741163 0.95 1524982617.866819
2 12.004808463165176 0.95 1524982618.0136719
1 11.6339054473376 0.95 1524982618.1224864
2 11.661706961061258 0.95 1524982618.3145971
1 11.645608938570343 0.95 1524982618.36947
2 11.373148000562846 0.95 1524982618.596563
1 11.693445242370384 0.95 1524982618.6259878
1 11.813875235270478 0.95 1524982618.8898323
2 10.703775440722287 0.95 1524982618.9213037
1 11.630151785221237 0.95 1524982619.1516004
2 10.328165088460153 0.95 1524982619.1756377
1 11.620286978073958 0.95 1524982619.4034328
2 10.784128224075078 0.95 1524982619.4288502
1 11.647386587499428 0.95 1524982619.6610715
2 10.551370655282161 0.95 1524982619.733259
1 11.673494375634005 0.95 1524982619.9110088
2 10.538896595200336 0.95 1524982620.0345125
1 11.847818411603239 0.95 1524982620.1695065
2 10.896425282389714 0.95 1524982620.276491
1 11.791460074095916 0.95 1524982620.422321
2 10.593477283778554 0.95 1524982620.5595365
1 11.817422903734123 0.95 1524982620.679522
2 10.902429615896997 0.95 1524982620.833341
1 11.702348745804937 0.95 1524982620.940107
2 11.538522756730247 0.95 1524982621.0745401
1 11.554170644942987 0.95 1524982621.2094288
2 10.600641285256753 0.95 1524982621.4094682
1 11.57193187544483 0.95 1524982621.4574256
2 10.902261769217004 0.95 1524982621.6615577
1 11.569284475537554 0.95 1524982621.7109582
2 10.941614186282488 0.95 1524982621.9314682
1 11.641328848230335 0.95 1524982621.968949
2 10.781770741160534 0.95 1524982622.1891298
1 11.773920096035894 0.95 1524982622.225218
1 11.79089549889955 0.95 1524982622.4754224
2 11.190637624246321 0.95 1524982622.5044074
1 11.72143749095767 0.95 1524982622.7364476
2 10.99244121274435 0.95 1524982622.761149
1 11.705865896690392 0.95 1524982622.9904802
2 10.648241077825878 0.95 1524982623.0565639
1 11.70189098213221 0.95 1524982623.2477252
2 10.559907947778528 0.95 1524982623.3245313
1 11.691499746761282 0.95 1524982623.503702
2 10.767610584884153 0.95 1524982623.5941753
1 11.680330313146733 0.95 1524982623.762633
2 10.643434559262237 0.95 1524982623.8806312
1 11.695756948917653 0.95 1524982624.0192971
2 10.974077260073424 0.95 1524982624.1510856
1 11.765253103832258 0.95 1524982624.271053
2 10.839624439998763 0.95 1524982624.4311473
1 11.825838125917764 0.95 1524982624.5199623
2 10.726427113127757 0.95 1524982624.7134457
1 11.861276663581434 0.95 1524982624.7730281
2 10.548578296878526 0.95 1524982625.017591
1 11.840143240690502 0.95 1524982625.0432603
2 10.842645680238762 0.95 1524982625.2583797
1 11.811639822668663 0.95 1524982625.282177
1 11.837045706505037 0.95 1524982625.5314815
2 10.720254932940481 0.95 1524982625.553278
1 11.725664175535861 0.95 1524982625.8012192
2 10.748918568247786 0.95 1524982625.8331954
1 11.728982962163132 0.95 1524982626.0586407
2 10.806985890133289 0.95 1524982626.1285393
1 11.630746877995781 0.95 1524982626.3150597
2 10.20498088412915 0.95 1524982626.433405
1 11.5899677641503 0.95 1524982626.5664606
2 10.143800769269093 0.95 1524982626.733362
1 11.766405142408624 0.95 1524982626.821816
2 10.001245532187156 0.95 1524982627.029625
1 11.725870169188582 0.95 1524982627.0764854
2 10.41613200756933 0.95 1524982627.2806265
1 11.731035269295871 0.95 1524982627.3390837
2 10.734163319196863 0.95 1524982627.5524762
1 11.698480642770383 0.95 1524982627.59018
1 11.731821096934054 0.95 1524982627.8438897
2 10.707895313776838 0.95 1524982627.8652573
1 11.642976797452151 0.95 1524982628.111613
2 11.026033436928003 0.95 1524982628.1349442
1 11.586877859359383 0.95 1524982628.3757408
2 10.659433399624067 0.95 1524982628.4064345
1 11.502527273264766 0.95 1524982628.6377661
2 10.57882121685673 0.95 1524982628.6848352
1 11.351228750033732 0.95 1524982628.8997493
2 11.104089772522624 0.95 1524982628.9335594
1 11.50041393097567 0.95 1524982629.150349
2 10.90994456952428 0.95 1524982629.2163627
1 11.612741506868495 0.95 1524982629.4076397
2 11.279802358299133 0.95 1524982629.4686937
1 11.66607097474127 0.95 1524982629.6642475
2 11.0265522357571 0.95 1524982629.7736518
1 11.730798758064958 0.95 1524982629.923666
2 10.699182545205916 0.95 1524982630.0562282
1 11.687089956714013 0.95 1524982630.1805449
2 10.485338245491205 0.95 1524982630.3615696
1 11.732736624279504 0.95 1524982630.4283044
2 9.925073657045274 0.955 1524982630.6802146
1 11.758203543272248 0.95 1524982630.7048643
1 11.680521048010363 0.95 1524982630.9466937
2 9.971231494045325 0.9595 1524982630.976952
1 11.724832571530401 0.95 1524982631.2040284
2 10.298578296412867 0.9595 1524982631.225523
1 11.67234996645218 0.95 1524982631.4594073
2 10.472200428083909 0.9595 1524982631.506735
1 11.66880229798854 0.95 1524982631.7145452
2 11.029550587813473 0.9595 1524982631.7660024
1 11.742418325957697 0.95 1524982631.973378
2 11.174081838082673 0.9595 1524982632.0513396
1 11.727167166261314 0.95 1524982632.2258599
2 10.614084278445844 0.9595 1524982632.351771
1 11.748041189737702 0.95 1524982632.4809318
2 10.383302722840199 0.9595 1524982632.6632843
1 11.718507803452217 0.95 1524982632.7389011
2 10.61332133899131 0.9595 1524982632.8967752
1 11.698473013375834 0.95 1524982632.998434
2 10.626627003078585 0.9595 1524982633.1809921
1 11.711526907443126 0.95 1524982633.2478807
2 10.832643543989667 0.9595 1524982633.4605324
1 11.719308889879498 0.95 1524982633.5089827
2 11.465715444582923 0.9595 1524982633.71067
1 11.73355296949587 0.95 1524982633.7614574
2 10.889429127591526 0.9595 1524982633.9996421
1 11.739892996363151 0.95 1524982634.0244145
1 11.765535391430442 0.95 1524982634.271609
2 10.813928639169648 0.9595 1524982634.2964976
1 11.615076101599403 0.95 1524982634.5388691
2 10.653574024613162 0.9595 1524982634.5851316
1 11.592546499506653 0.95 1524982634.7970757
2 10.71767619758412 0.9595 1524982634.8339725
1 11.52877239050115 0.95 1524982635.0626304
2 10.452371631660267 0.9595 1524982635.1466148
1 11.38096050057739 0.95 1524982635.3265433
2 10.50979808440394 0.9595 1524982635.434443
1 11.53401378455388 0.95 1524982635.5778291
2 10.978044545237063 0.9595 1524982635.678272
1 11.506608999346595 0.95 1524982635.8413267
2 10.421861682872967 0.9595 1524982635.981175
1 11.574335134726649 0.95 1524982636.0960152
2 11.23689464337546 0.9595 1524982636.212801
1 11.611322439483033 0.95 1524982636.3598983
2 11.728944815190406 0.9595 1524982636.4566607
1 11.674119985986726 0.95 1524982636.6048887
2 11.434419668157437 0.9595 1524982636.7282956
1 11.745912588659515 0.95 1524982636.857689
2 11.318658864719161 0.9595 1524982637.0409837
1 11.835641897908678 0.95 1524982637.108025
2 10.801019703598735 0.9595 1524982637.3249626
1 11.864549673841436 0.95 1524982637.369861
2 10.401865039769316 0.9595 1524982637.6115236
1 11.762437857244981 0.95 1524982637.6356027
2 10.477991138543915 0.9595 1524982637.8802419
1 11.718278921615854 0.95 1524982637.9091413
1 11.626604116757598 0.95 1524982638.1445386
2 10.867120777940611 0.9595 1524982638.1666703
1 11.622896231008506 0.95 1524982638.4065711
2 10.9637012834916 0.9595 1524982638.428107
1 11.664987600715808 0.95 1524982638.654332
2 11.096910512255345 0.9595 1524982638.6914198
1 11.766870535475897 0.95 1524982638.9030485
2 10.971971547178875 0.9595 1524982638.9667869
1 11.822427786555936 0.95 1524982639.1599355
2 10.699541126749551 0.9595 1524982639.2662091
1 11.850328482408688 0.95 1524982639.4153707
2 10.69243816042774 0.9595 1524982639.5402255
1 11.70592693184676 0.95 1524982639.6782699
2 10.766649281171432 0.9595 1524982639.807448
1 11.654634512317624 0.95 1524982639.9346652
2 10.597887073825838 0.9595 1524982640.0996494
1 11.675806082181271 0.95 1524982640.1823156
2 11.1107654927499 0.9595 1524982640.3466792
1 11.70030406806675 0.95 1524982640.4429712
2 11.077104604015322 0.9595 1524982640.624333
1 11.766939200026808 0.95 1524982640.7002766
2 10.780305897407809 0.9595 1524982640.9196477
1 11.734331167739509 0.95 1524982640.956884
2 11.362321889702836 0.9595 1524982641.1588013
1 11.674989736964909 0.95 1524982641.2107146
2 10.83635142973876 0.9595 1524982641.458285
1 11.69082836004128 0.95 1524982641.4832532
1 11.745950735632242 0.95 1524982641.723257
2 10.77408031145871 0.9595 1524982641.744643
1 11.749582327435878 0.95 1524982641.9767187
2 11.136323964477192 0.9595 1524982642.0030866
1 11.730630911384951 0.95 1524982642.2370672
2 10.636949573898596 0.9595 1524982642.284717
1 11.757623709286793 0.95 1524982642.4901001
2 10.765230213785973 0.9595 1524982642.5692782
1 11.754289663870424 0.95 1524982642.743906
2 11.220674550571804 0.9595 1524982642.8068006
1 11.702493704301295 0.95 1524982643.0038385
2 10.46598247152937 0.9595 1524982643.1431413
1 11.63232616266669 0.95 1524982643.2710211
2 10.463487659512998 0.9595 1524982643.4324718
1 11.590074575673935 0.95 1524982643.5268579
2 10.663583790256807 0.9595 1524982643.6939874
1 11.57801250289756 0.95 1524982643.7796142
2 10.155160937747283 0.9595 1524982643.9904752
1 11.654306448352171 0.95 1524982644.0289936
2 10.878366505500614 0.9595 1524982644.2460685
1 11.770685232748631 0.95 1524982644.2871706
1 11.760004080384975 0.95 1524982644.544813
2 10.745363270389594 0.9595 1524982644.5675454
1 11.60299114063939 0.95 1524982644.8214831
2 10.576189075738542 0.9595 1524982644.8486962
1 11.48436168485203 0.95 1524982645.0746791
2 10.884691273578799 0.9595 1524982645.0959833
1 11.4095249537556 0.95 1524982645.3372433
2 10.944253956795208 0.9595 1524982645.3601375
1 11.390619314071952 0.95 1524982645.5960155
2 11.204050099857248 0.9595 1524982645.6220443
1 11.589662588368482 0.95 1524982645.847478
2 11.51075176058478 0.9595 1524982645.8710363
1 11.73624614577042 0.95 1524982646.099512
2 11.360849416555554 0.9595 1524982646.1472392
1 11.853059805655962 0.95 1524982646.3491578
2 11.502229726877488 0.9595 1524982646.3846323
1 11.842325247530498 0.95 1524982646.6102889
2 11.260187184922746 0.9595 1524982646.6873763
1 11.824678457946845 0.95 1524982646.8641298
2 11.368623769597388 0.9595 1524982646.9293787
1 11.77588847982863 0.95 1524982647.122062
2 11.007249867557084 0.9595 1524982647.2373705
1 11.609628713893942 0.95 1524982647.3880682
2 10.664232288793166 0.9595 1524982647.5098941
1 11.680551565588553 0.95 1524982647.6398726
2 11.267442739135479 0.9595 1524982647.7500892
1 11.499582326970213 0.95 1524982647.9079814
2 11.036615407162568 0.9595 1524982648.015848
1 11.504312551588407 0.95 1524982648.1619387
2 11.484872854286577 0.9595 1524982648.2827525
1 11.582864797828474 0.95 1524982648.4210355
2 11.487985647261112 0.9595 1524982648.5541754
1 11.817712820726841 0.95 1524982648.9234357
1 6 frame freq 1524982648.9251459
2 10.815202748058745 0.9595 1524982649.1257854
2 6 frame freq 1524982649.1274145
1 15.161287350880524 0.93 1524982649.2114756
2 13.267305413758947 0.9395 1524982649.459941
1 20.686725714591756 0.91 1524982649.503555
2 18.37433252180804 0.9195 1524982649.7771535
1 20.311969854518715 0.89 1524982649.8000996
1 19.714054203990965 0.87 1524982650.1092856
2 17.526569458705506 0.8995 1524982650.148762
1 19.756366826140074 0.85 1524982650.411022
2 16.720417113453934 0.8795 1524982650.4935727
1 19.655658818139987 0.83 1524982650.7185638
2 17.16482934572704 0.8595 1524982650.8432
1 19.30264673252152 0.81 1524982651.0296872
2 17.768497559742077 0.8395 1524982651.169401
1 19.260959720725115 0.79 1524982651.3452518
2 18.685016726488286 0.8195 1524982651.4860938
1 18.840915774630222 0.77 1524982651.6717143
2 17.996723268174993 0.7995 1524982651.8360803
1 18.571582888386363 0.75 1524982651.9888332
2 17.530078980196432 0.7795 1524982652.168994
1 18.793933963019285 0.73 1524982652.3050902
2 17.914554688920376 0.7595 1524982652.5084798
1 17.79103479122935 0.71 1524982652.6636124
2 17.629444214756493 0.7395 1524982652.8493333
1 16.816227050155828 0.69 1524982653.0175521
2 17.930469605942214 0.7195 1524982653.1751196
1 16.698612303843014 0.67 1524982653.380554
2 17.65010461518561 0.6995 1524982653.5305233
1 16.16077050596619 0.65 1524982653.762727
2 16.981861205737797 0.6795 1524982653.8813374
1 15.892709776559307 0.63 1524982654.1363983
2 16.972477050446862 0.6595 1524982654.235758
1 15.434877439280749 0.61 1524982654.541753
2 16.089939207006125 0.6395 1524982654.6272218
1 14.852426571496624 0.59 1524982654.9441311
2 16.171466917118934 0.6195 1524982654.9811528
1 14.6474247400601 0.57 1524982655.3574672
2 15.671175047142754 0.5995 1524982655.39286
2 15.316209836520652 0.5795 1524982655.7646701
1 14.540353817009104 0.55 1524982655.7874856
2 15.78081707615558 0.5595 1524982656.1576862
1 14.060350459181434 0.53 1524982656.2120368
2 15.19037060288781 0.5395 1524982656.5517387
1 13.28689006955715 0.51 1524982656.6730552
2 14.91832165218578 0.5195 1524982656.959404
1 12.981287041644173 0.49 1524982657.139175
2 14.144968074085128 0.4995 1524982657.4002175
1 12.291948356278152 0.47 1524982657.648663
2 13.266794244324407 0.4795 1524982657.8624258
1 11.872232474148712 0.47 1524982658.1487298
2 13.055543938755141 0.4595 1524982658.321067
1 11.760217703432255 0.47 1524982658.668179
2 13.122339288000646 0.4395 1524982658.7780993
1 11.828455008246854 0.47 1524982659.1609356
2 13.228403130971655 0.4195 1524982659.228779
1 12.30233196225452 0.45 1524982659.6458135
2 13.087785760104254 0.3995 1524982659.6965864
2 12.71460155530759 0.3795 1524982660.171202
1 11.755006826957699 0.45 1524982660.1941895
2 12.161348380448949 0.3595 1524982660.686368
1 11.245447194660912 0.45 1524982660.7136364
1 11.680032766759458 0.45 1524982661.2096727
2 11.324808156722803 0.3595 1524982661.2317698
1 11.972726859101519 0.45 1524982661.7158504
2 11.335313833011906 0.3595 1524982661.7447317
1 11.742197073515873 0.45 1524982662.231081
2 11.14791301479175 0.3595 1524982662.308688
1 11.899187125077825 0.45 1524982662.7215152
2 10.566515003454896 0.3595 1524982662.8790276
1 11.780519522317723 0.45 1524982663.2529728
2 10.774927174253257 0.3595 1524982663.4194682
1 11.416978872226508 0.45 1524982663.7731142
2 10.788667713829637 0.3595 1524982663.988589
1 11.718011892806764 0.45 1524982664.2749908
2 10.515131031191219 0.3595 1524982664.5628972
1 11.754808462699517 0.45 1524982664.7944121
2 11.28896526114822 0.3595 1524982665.0499885
1 11.676141775541279 0.45 1524982665.3033662
2 11.178468739946313 0.3595 1524982665.6365511
1 11.473390615495646 0.45 1524982665.8400705
2 10.822755848658748 0.3595 1524982666.15872
1 11.291971242599137 0.45 1524982666.3660893
2 11.554605520432084 0.3595 1524982666.6733155
1 11.540552175679338 0.45 1524982666.8851771
2 10.912813221873366 0.3595 1524982667.2602906
1 11.452974355692 0.45 1524982667.4129903
2 10.891298329255171 0.3595 1524982667.777047
1 11.308633840286419 0.45 1524982667.9411447
2 11.588884390124843 0.3595 1524982668.2933304
1 11.554094350997532 0.45 1524982668.4509094
2 11.042879140084382 0.3595 1524982668.8667884
1 11.76835063801772 0.45 1524982668.9666057
2 10.408105884507505 0.3595 1524982669.4468596
1 11.616479910195773 0.45 1524982669.4834726
2 11.21995738748453 0.3595 1524982669.9354463
1 11.433542287784714 0.45 1524982670.0112383
2 12.113084830554369 0.3395 1524982670.450483
1 11.754335440237707 0.45 1524982670.5044062
1 11.597139395023033 0.45 1524982671.054685
2 10.3367481573238 0.3395 1524982671.096761
1 11.288827932046411 0.45 1524982671.5665765
2 9.617311510475938 0.40553333333333336 1524982671.6872492
1 11.410265005026506 0.45 1524982672.097561
2 11.212991750264528 0.40553333333333336 1524982672.164173
1 11.16909984344449 0.45 1524982672.640524
2 12.220094718449001 0.38553333333333334 1524982672.6680684
1 11.42255595963925 0.45 1524982673.1475716
2 11.930666006972388 0.38553333333333334 1524982673.1693277
2 11.980409659408792 0.38553333333333334 1524982673.6713004
1 11.621667898486681 0.45 1524982673.6926644
2 11.772043264977723 0.38553333333333334 1524982674.190307
1 11.270326650273663 0.45 1524982674.2108114
2 11.343095815448267 0.38553333333333334 1524982674.7293093
1 11.260896718615474 0.45 1524982674.7501502
1 11.26404765856275 0.45 1524982675.283282
2 11.411401784813789 0.38553333333333334 1524982675.3053157
2 11.426500356619252 0.38553333333333334 1524982675.783958
1 11.319772756322791 0.45 1524982675.807496
2 11.777750052097716 0.38553333333333334 1524982676.2593722
1 11.435495412788352 0.45 1524982676.3265555
2 12.077440299237976 0.3655333333333333 1524982676.7744691
1 11.400499380008315 0.45 1524982676.855874
2 11.6382847198067 0.3655333333333333 1524982677.2915611
1 11.587968862779386 0.45 1524982677.3625531
2 11.139253651982644 0.3655333333333333 1524982677.8489754
1 11.767717398270443 0.45 1524982677.8721569
2 10.987764393887975 0.3655333333333333 1524982678.3824563
1 11.42289165299925 0.45 1524982678.4126248
2 11.655916250601262 0.3655333333333333 1524982678.8786156
1 11.284700429597308 0.45 1524982678.9356742
2 11.651720083601248 0.3655333333333333 1524982679.4124832
1 11.261400258655483 0.45 1524982679.4788454
2 11.47117809107747 0.3655333333333333 1524982679.9303286
1 11.258531606306379 0.45 1524982680.0014806
1 11.642381704677613 0.45 1524982680.5095544
2 10.708627735653208 0.3655333333333333 1524982680.5358336
1 11.751123465134064 0.45 1524982681.0228157
2 10.14034465354001 0.3655333333333333 1524982681.106419
1 11.274217641491852 0.45 1524982681.5756688
2 11.01000407898799 0.3655333333333333 1524982681.6237812
1 11.029115712324371 0.45 1524982682.1096938
2 11.3958301905465 0.3655333333333333 1524982682.1627917
1 11.26154521715184 0.45 1524982682.6431632
2 11.220094716586356 0.3655333333333333 1524982682.7003977
1 11.519266164897505 0.45 1524982683.1522322
2 11.199914968013607 0.3655333333333333 1524982683.2663052
1 11.386751211037398 0.45 1524982683.6955514
2 10.920930897669745 0.3655333333333333 1524982683.7908385
1 11.73081401685404 0.45 1524982684.1759453
2 10.635545765302231 0.3655333333333333 1524982684.3602135
1 12.331148185452731 0.43 1524982684.6723633
2 10.564950977573089 0.3655333333333333 1524982684.9287784
1 11.45091441916473 0.43 1524982685.2236786
2 11.03447154729529 0.3655333333333333 1524982685.4471438
1 11.117639577235355 0.43 1524982685.7443252
2 10.721277271809582 0.3655333333333333 1524982686.0463006
1 11.262582814810026 0.43 1524982686.2939322
2 10.587999378494917 0.3655333333333333 1524982686.581735
1 10.629388843904048 0.43 1524982686.8742192
2 11.167657887875395 0.3655333333333333 1524982687.1205623
1 10.70067027714229 0.43 1524982687.4121096
2 11.491212881153853 0.3655333333333333 1524982687.6239443
1 11.122278249118995 0.43 1524982687.9528453
2 12.13440135891438 0.34553333333333336 1524982688.1322036
1 10.94025615405339 0.43 1524982688.5111263
1 10.84957317048604 0.43 1524982688.558603
1 4 frame freq 1524982688.5603619
2 11.066736256828037 0.34553333333333336 1524982688.7113752
2 11.035532033137109 0.34553333333333336 1524982688.7718737
2 4 frame freq 1524982688.7733347
1 10.70168498661683 0.43 1524982689.0741153
2 11.118715321866263 0.34553333333333336 1524982689.2780712
1 7.508545889535074 0.487 1524982689.617683
2 10.957613026644314 0.34553333333333336 1524982689.8056684
1 7.8573236611808195 0.5383 1524982690.0800352
2 7.28977681564126 0.41096666666666665 1524982690.4186027
1 8.475038559129542 0.5844666666666667 1524982690.4899356
1 9.565980943974076 0.626 1524982690.8743927
2 7.5227670809678155 0.46986666666666665 1524982690.8998098
1 10.40950969310387 0.626 1524982691.2326467
2 8.181734115223836 0.5228666666666667 1524982691.2715266
1 10.735979115098683 0.626 1524982691.6077747
2 9.674516710777805 0.5705666666666667 1524982691.6564858
1 10.684305225842278 0.626 1524982691.9937713
2 10.606279407825847 0.5705666666666667 1524982692.0183725
1 10.701326405073193 0.626 1524982692.3534775
2 11.047861134722567 0.5705666666666667 1524982692.376474
2 11.317606008271884 0.5705666666666667 1524982692.717372
1 10.679254566653178 0.626 1524982692.7380953
2 11.346170461450086 0.5705666666666667 1524982693.060335
1 10.786844288533269 0.626 1524982693.1067235
2 11.394128835562858 0.5705666666666667 1524982693.4135582
1 10.52111247651487 0.626 1524982693.4941678
2 11.475702322042928 0.5705666666666667 1524982693.7625988
1 10.78077891986963 0.626 1524982693.8458033
2 11.286798513097319 0.5705666666666667 1524982694.1229284
1 10.68574718141137 0.626 1524982694.2282763
2 11.022668873933458 0.5705666666666667 1524982694.5012982
1 10.941347157473395 0.626 1524982694.592362
2 11.011186635142545 0.5705666666666667 1524982694.8529062
1 10.73356059702777 0.626 1524982694.962087
2 11.048334157184396 0.5705666666666667 1524982695.2091947
1 10.823076283229662 0.626 1524982695.3384695
2 11.3285007836828 0.5705666666666667 1524982695.5599244
1 10.77784160296962 0.626 1524982695.7069294
2 11.294282949146407 0.5705666666666667 1524982695.9152367
1 10.810792958011461 0.626 1524982696.0723598
2 11.256906545268206 0.5705666666666667 1524982696.2766187
1 10.918367421102472 0.626 1524982696.4358876
2 10.918001210164281 0.5705666666666667 1524982696.6609306
1 10.936525380120665 0.626 1524982696.80513
2 10.95635417654432 0.5705666666666667 1524982697.010403
1 10.820848500022391 0.626 1524982697.181339
2 10.830225025918754 0.5705666666666667 1524982697.383235
1 10.83119395902603 0.626 1524982697.5430686
2 11.008432423711627 0.5705666666666667 1524982697.7468002
1 10.8525028579915 0.626 1524982697.9112518
2 10.98380473811889 0.5705666666666667 1524982698.105637
1 10.892725026035173 0.626 1524982698.284212
2 11.076807057628054 0.5705666666666667 1524982698.4662046
1 10.835214649951482 0.626 1524982698.6513665
2 10.87747386633879 0.5705666666666667 1524982698.850221
1 10.906602894713362 0.626 1524982699.0115776
2 10.743036305053232 0.5705666666666667 1524982699.222177
1 11.016290700093458 0.626 1524982699.372896
2 10.818246876482378 0.5705666666666667 1524982699.5753288
1 11.030977284593469 0.626 1524982699.7387109
2 10.949358021746129 0.5705666666666667 1524982699.9459221
1 10.879678761362436 0.626 1524982700.110916
2 11.21577647927362 0.5705666666666667 1524982700.2918334
1 10.741540943722319 0.626 1524982700.492766
2 10.994806325053435 0.5705666666666667 1524982700.6680877
1 10.717905079420488 0.626 1524982700.858646
2 10.877344166631529 0.5705666666666667 1524982701.0489964
1 10.68968394899682 0.626 1524982701.2329202
2 10.93483165453157 0.5705666666666667 1524982701.388809
1 10.726404224944126 0.626 1524982701.6117823
2 10.955225026151586 0.5705666666666667 1524982701.764268
1 10.64473155633497 0.626 1524982701.9846747
2 11.203187978273604 0.5705666666666667 1524982702.1200693
1 10.80711558984055 0.626 1524982702.3443346
2 10.921937977749739 0.5705666666666667 1524982702.485421
1 11.12147716269173 0.626 1524982702.6912704
2 11.08736613967897 0.5705666666666667 1524982702.846103
1 11.389116323346485 0.626 1524982703.0394416
2 11.296236074150052 0.5705666666666667 1524982703.1826832
1 11.410059011373786 0.626 1524982703.3948593
2 11.300935781190049 0.5705666666666667 1524982703.5474443
1 11.293275869066406 0.626 1524982703.752092
2 11.220216786899083 0.5705666666666667 1524982703.9158263
1 11.007913624882546 0.626 1524982704.1298547
2 11.115488087973537 0.5705666666666667 1524982704.2629142
1 10.806467091304196 0.626 1524982704.5053346
2 11.052644765102581 0.5705666666666667 1524982704.6337428
1 10.641000782402243 0.626 1524982704.8785577
2 11.126810109478997 0.5705666666666667 1524982704.9948912
1 10.799623524396914 0.626 1524982705.2441819
2 10.882783924942432 0.5705666666666667 1524982705.366913
1 10.850664173906047 0.626 1524982705.6109774
2 11.138811147099007 0.5705666666666667 1524982705.709857
1 10.795671498022358 0.626 1524982705.9898057
2 11.310243642535518 0.5705666666666667 1524982706.0529368
1 10.839014088435132 0.626 1524982706.3507006
2 11.330453908686442 0.5705666666666667 1524982706.4273467
1 10.790910755826003 0.626 1524982706.7230864
2 11.24338725813364 0.5705666666666667 1524982706.7786872
1 10.824098622098747 0.626 1524982707.0973103
2 10.857240712004227 0.5705666666666667 1524982707.1579938
1 10.789850269984173 0.626 1524982707.4628518
2 10.995904957867985 0.5705666666666667 1524982707.5204043
1 10.722299610678661 0.626 1524982707.8427556
2 10.871286427362424 0.5705666666666667 1524982707.882621
1 10.784357105911448 0.626 1524982708.210409
2 10.935052906973384 0.5705666666666667 1524982708.2568192
1 10.703088795213201 0.626 1524982708.5840325
2 10.774957691831434 0.5705666666666667 1524982708.634662
1 10.88434795082425 0.626 1524982708.9445746
2 11.011865651257084 0.5705666666666667 1524982708.9729848
1 10.830873524455125 0.626 1524982709.3178077
2 10.948991810807946 0.5705666666666667 1524982709.352525
1 10.73961070690232 0.626 1524982709.7007034
2 10.965768849413415 0.5705666666666667 1524982709.7260497
1 10.660730396696795 0.626 1524982710.071778
2 10.64550975457861 0.5705666666666667 1524982710.1031156
1 10.662515675020432 0.626 1524982710.442557
2 10.691438709742284 0.5705666666666667 1524982710.4758663
1 10.855073963953318 0.626 1524982710.805782
2 10.815141712902383 0.5705666666666667 1524982710.8356624
1 10.968523060844328 0.626 1524982711.1687374
2 10.831796681195117 0.5705666666666667 1524982711.2073224
1 10.910348927435187 0.626 1524982711.545626
2 10.857004200773318 0.5705666666666667 1524982711.5793867
1 10.740282093622318 0.626 1524982711.9210844
2 10.777238880800535 0.5705666666666667 1524982711.9460003
1 10.67506602904772 0.626 1524982712.2931783
2 10.762002979893243 0.5705666666666667 1524982712.3240244
1 10.852808033773318 0.626 1524982712.6492813
2 10.650606190134969 0.5705666666666667 1524982712.7056766
1 10.893365895176986 0.626 1524982713.0219092
2 10.687860523700454 0.5705666666666667 1524982713.068632
1 10.976884877266146 0.626 1524982713.385468
2 10.805864369135099 0.5705666666666667 1524982713.4339066
1 10.806100880366003 0.626 1524982713.7615392
2 11.132532155388102 0.5705666666666667 1524982713.784764
1 10.896287953287901 0.626 1524982714.1248343
2 11.26317027819002 0.5705666666666667 1524982714.146983
2 11.538187063370252 0.5705666666666667 1524982714.4747477
1 10.786127125445995 0.626 1524982714.4999695
2 11.446535146695624 0.5705666666666667 1524982714.8336282
1 10.891199147126079 0.626 1524982714.8605402
2 11.454248464581088 0.5705666666666667 1524982715.1829782
1 10.728677784518668 0.626 1524982715.2417283
2 11.10152629595534 0.5705666666666667 1524982715.5549881
1 10.816553150893293 0.626 1524982715.6059456
2 10.99967387877344 0.5705666666666667 1524982715.9254165
1 10.868257557727874 0.626 1524982715.9649982
2 10.853494679282406 0.5705666666666667 1524982716.288503
1 10.85695079501151 0.626 1524982716.3468153
2 10.944551503182486 0.5705666666666667 1524982716.6495693
1 10.686967884538642 0.626 1524982716.7287638
2 11.33369640136827 0.5705666666666667 1524982716.9866848
1 10.52449992769305 0.626 1524982717.106555
2 11.116579091393533 0.5705666666666667 1524982717.366642
1 10.616128956184038 0.626 1524982717.4781277
2 10.780931507760531 0.5705666666666667 1524982717.762674
1 10.74990276014414 0.626 1524982717.8467808
2 10.555269275894894 0.5705666666666667 1524982718.1207914
1 10.955385243437048 0.626 1524982718.202667
2 10.9162083024461 0.5705666666666667 1524982718.4665701
1 10.956918751740679 0.626 1524982718.5719934
2 11.138109242800827 0.5705666666666667 1524982718.8399985
1 10.99928477965162 0.626 1524982718.933533
2 11.102708852109888 0.5705666666666667 1524982719.201809
1 10.842981373598764 0.626 1524982719.3113372
2 10.71359447150229 0.5705666666666667 1524982719.5868783
1 10.869653736929694 0.626 1524982719.6776166
2 10.711114918275017 0.5705666666666667 1524982719.960252
1 10.65093425410042 0.626 1524982720.061555
2 10.79342082663146 0.5705666666666667 1524982720.3133283
1 10.750803028700512 0.626 1524982720.4272869
2 10.944040333747935 0.5705666666666667 1524982720.6828337
1 10.890184437651538 0.626 1524982720.7794225
2 10.808160816893277 0.5705666666666667 1524982721.0712528
1 11.172159230657224 0.626 1524982721.1347384
2 10.883348500138803 0.5705666666666667 1524982721.416025
1 11.130182301868095 0.626 1524982721.503663
2 10.849817311111495 0.5705666666666667 1524982721.7901807
1 10.963274037397047 0.626 1524982721.873365
2 11.344003713399179 0.5705666666666667 1524982722.1281192
1 10.913644825878832 0.626 1524982722.2339277
2 11.385156667577395 0.5705666666666667 1524982722.4679952
1 10.788667713829629 0.626 1524982722.6152945
2 11.699907339550391 0.5705666666666667 1524982722.8191586
1 10.815568958996929 0.626 1524982722.9846437
2 11.319200551731889 0.5705666666666667 1524982723.1897724
1 10.80877879785146 0.626 1524982723.3446038
2 11.113695180255355 0.5705666666666667 1524982723.5471697
1 10.881883656386075 0.626 1524982723.7161918
2 10.951799428000669 0.5705666666666667 1524982723.9125097
1 10.72899821908958 0.626 1524982724.1033838
2 11.06984142040804 0.5705666666666667 1524982724.2717855
1 10.542993580071242 0.626 1524982724.4816477
2 11.04783824653893 0.5705666666666667 1524982724.6342938
1 10.487108265025743 0.626 1524982724.8618848
2 10.922723805387923 0.5705666666666667 1524982725.009018
1 10.679620777591358 0.626 1524982725.2300174
2 10.846147572335134 0.5705666666666667 1524982725.3887134
1 10.612817798951307 0.626 1524982725.6138983
2 10.669542347396812 0.5705666666666667 1524982725.7583656
1 10.676172291256814 0.626 1524982725.9847827
2 10.694589649689556 0.5705666666666667 1524982726.1311302
1 10.65399364131315 0.626 1524982726.354355
2 10.866281544540609 0.5705666666666667 1524982726.4857774
1 10.683198963633185 0.626 1524982726.736719
2 10.878625904915161 0.5705666666666667 1524982726.8619182
1 10.664529835180439 0.626 1524982727.1108537
2 11.056825673313492 0.5705666666666667 1524982727.2155676
1 10.511774097591214 0.626 1524982727.4943616
2 11.031229054613474 0.5705666666666667 1524982727.5733395
1 10.706232105765926 0.626 1524982727.8575785
2 11.339349782726455 0.5705666666666667 1524982727.9192638
1 10.823465382351484 0.626 1524982728.219877
2 11.19879344701543 0.5705666666666667 1524982728.2871149
1 10.879915272593339 0.626 1524982728.5963974
2 11.047128712846208 0.5705666666666667 1524982728.659123
1 10.930986439680657 0.626 1524982728.9544482
