1 0.20176267623901367
2 0.3844268321990967
3 0.5622711181640625
4 0.6824934482574463
5 0.8318488597869873
6 0.9653055667877197
7 1.1343059539794922
8 1.28240966796875
9 1.4351556301116943
10 1.6150479316711426
11 1.7651820182800293
12 1.9424595832824707
13 2.0684244632720947
14 2.2419607639312744
15 2.395756483078003
16 2.575467824935913
17 2.72190260887146
18 2.8718068599700928
19 3.0221521854400635
20 3.2032670974731445
21 3.3407042026519775
22 3.5018796920776367
23 3.655461072921753
24 3.8074824810028076
25 3.9268555641174316
26 4.05410099029541
27 4.222398996353149
28 4.401931524276733
29 4.551896572113037
30 4.712743759155273
31 4.861530303955078
32 5.03251576423645
33 5.151795387268066
34 5.307398319244385
35 5.453745126724243
36 5.602286100387573
37 5.782610893249512
38 5.963341236114502
39 6.142284631729126
40 6.29237174987793
41 6.477803945541382
42 6.5930070877075195
43 6.774490118026733
44 6.952432155609131
45 7.102389812469482
46 7.256424188613892
47 7.405014991760254
48 7.554011583328247
49 7.693582773208618
50 7.884913921356201
51 8.061985969543457
52 8.211990356445312
53 8.392699956893921
54 8.54338788986206
55 8.674948692321777
56 8.842334508895874
57 8.99187445640564
58 9.171921491622925
59 9.29290509223938
60 9.442339420318604
61 9.609646320343018
62 9.802484273910522
63 9.958159446716309
64 10.05856442451477
65 10.19277310371399
66 10.350127220153809
67 10.496962547302246
68 10.67249083518982
69 10.827223539352417
70 10.97513222694397
71 11.122262954711914
72 11.301910638809204
73 11.45183801651001
74 11.582701206207275
75 11.782045841217041
76 11.961952447891235
77 12.097204685211182
78 12.261897087097168
79 12.442014455795288
80 12.605299949645996
81 12.774499416351318
82 12.95185899734497
83 13.072999238967896
84 13.25624680519104
85 13.402314186096191
86 13.552012205123901
87 13.686481475830078
88 13.83455777168274
89 14.003706932067871
90 14.136492013931274
91 14.3353431224823
92 14.494503021240234
93 14.662281036376953
94 14.815487623214722
95 14.992624759674072
96 15.175092935562134
97 15.32200026512146
98 15.488030910491943
99 15.623382806777954
100 15.772013664245605
101 15.891970157623291
102 16.04755425453186
103 16.196669578552246
104 16.344981908798218
105 16.448780298233032
106 16.59822106361389
107 16.762194871902466
108 16.914993047714233
109 17.06249165534973
110 17.242321491241455
111 17.37264609336853
112 17.571925163269043
113 17.726588010787964
114 17.88667368888855
115 18.08488965034485
116 18.262038946151733
117 18.411847829818726
118 18.56254816055298
119 18.711994171142578
120 18.8918776512146
121 19.02253746986389
122 19.192718505859375
123 19.326390981674194
124 19.47471857070923
125 19.622576475143433
126 19.804559230804443
127 19.988864183425903
128 20.135082483291626
129 20.34782576560974
130 20.526160955429077
131 20.702447175979614
132 20.901983976364136
133 21.041218519210815
134 21.21432113647461
135 21.364216089248657
136 21.516599655151367
137 21.695892095565796
138 21.8500497341156
139 22.02764391899109
140 22.208876132965088
141 22.364333868026733
142 22.533020734786987
143 22.68573784828186
144 22.809544563293457
145 22.954235315322876
146 23.109599113464355
147 23.287891149520874
148 23.466949701309204
149 23.6143901348114
150 23.738668203353882
151 23.85581088066101
152 24.034863710403442
153 24.213754653930664
154 24.369824647903442
155 24.55142092704773
156 24.725107431411743
157 24.938315629959106
158 25.0835280418396
159 25.2712619304657
160 25.42110013961792
161 25.596150636672974
162 25.746874809265137
163 25.92334771156311
164 26.111090421676636
165 26.25535225868225
166 26.403939962387085
167 26.562669038772583
168 26.712364196777344
169 26.853013038635254
170 27.02225422859192
171 27.15233564376831
172 27.309736013412476
173 27.486223459243774
174 27.62568712234497
175 27.78733229637146
176 27.938952922821045
177 28.083930492401123
178 28.241962909698486
179 28.42118215560913
180 28.563908100128174
181 28.74259662628174
182 28.926110982894897
183 29.07836365699768
184 29.228439331054688
185 29.376688957214355
186 29.541871070861816
187 29.69889545440674
188 29.812760829925537
189 29.99464726448059
190 30.142392873764038
191 30.291880130767822
192 30.473324298858643
193 30.63400626182556
194 30.801900386810303
195 30.933868408203125
196 31.102617263793945
197 31.252274751663208
198 31.41458249092102
199 31.58229970932007
200 31.777647256851196
201 31.922368049621582
202 32.09332585334778
203 32.24799871444702
204 32.39342784881592
205 32.54440975189209
206 32.726840019226074
207 32.85782790184021
208 33.02183747291565
209 33.1250536441803
210 33.2918746471405
211 33.44286918640137
212 33.592684507369995
213 33.74403142929077
214 33.89234662055969
215 34.07178854942322
216 34.20335578918457
217 34.323992013931274
218 34.492459774017334
219 34.62372374534607
220 34.793421506881714
221 34.97291278839111
222 35.125192642211914
223 35.30381155014038
224 35.45202445983887
225 35.633888483047485
226 35.81345009803772
227 35.99187684059143
228 36.17238926887512
229 36.35690355300903
230 36.50395321846008
231 36.674126625061035
232 36.83181095123291
233 36.98456263542175
234 37.131927251815796
235 37.28648900985718
236 37.43725299835205
237 37.61348080635071
238 37.76185131072998
239 37.915863037109375
240 38.03592300415039
241 38.16673493385315
242 38.30263924598694
243 38.45394945144653
244 38.63193869590759
245 38.78403091430664
246 38.933597564697266
247 39.11399435997009
248 39.24505352973938
249 39.37252640724182
250 39.55134606361389
251 39.728089332580566
252 39.88019561767578
253 40.028993129730225
254 40.21291160583496
255 40.395968437194824
256 40.53288197517395
257 40.692031383514404
258 40.86747145652771
259 41.046995639801025
260 41.19544553756714
261 41.3155677318573
262 41.49705791473389
263 41.64381814002991
264 41.79284143447876
265 41.95092749595642
266 42.124293088912964
267 42.27255415916443
268 42.45407557487488
269 42.60938858985901
270 42.79006218910217
271 42.93349885940552
272 43.09221434593201
273 43.27559852600098
274 43.41267538070679
275 43.57387399673462
276 43.71853494644165
277 43.873448848724365
278 44.045520305633545
279 44.197795391082764
280 44.34792232513428
281 44.527236223220825
282 44.67530679702759
283 44.860687494277954
284 45.03934359550476
285 45.23187756538391
286 45.3672661781311
287 45.54926919937134
288 45.69648003578186
289 45.879613399505615
290 46.02887201309204
291 46.18099236488342
292 46.32770323753357
293 46.48010563850403
294 46.62244009971619
295 46.803791761398315
296 46.924641370773315
297 47.08096098899841
298 47.291454553604126
299 47.46252512931824
300 47.59335446357727
301 47.79993724822998
302 47.973082065582275
303 48.15382504463196
304 48.3061089515686
305 48.460147857666016
306 48.607059478759766
307 48.72657251358032
308 48.909003019332886
309 49.05479979515076
310 49.18014097213745
311 49.327290058135986
312 49.44875717163086
313 49.596330881118774
314 49.74526333808899
315 49.925010681152344
316 50.07390785217285
317 50.22698163986206
318 50.37576699256897
319 50.52515435218811
320 50.708531856536865
321 50.888840198516846
322 51.09894633293152
323 51.24804973602295
324 51.39962983131409
325 51.54306125640869
326 51.723875522613525
327 51.844879388809204
328 51.99339318275452
329 52.18617367744446
330 52.38551473617554
331 52.506529092788696
332 52.68493390083313
333 52.86799502372742
334 53.01864719390869
335 53.192569971084595
336 53.35192108154297
337 53.52644920349121
338 53.71069145202637
339 53.85459232330322
340 54.04303216934204
341 54.21611547470093
342 54.36923313140869
343 54.51929259300232
344 54.6642951965332
345 54.84786510467529
346 54.999380111694336
347 55.152889013290405
348 55.29787302017212
349 55.473541498184204
350 55.6569390296936
351 55.80764436721802
352 55.961750507354736
353 56.11235547065735
354 56.25912141799927
355 56.44053912162781
356 56.59137678146362
357 56.76283144950867
358 56.9195921421051
359 57.070077419281006
360 57.21444296836853
361 57.37401103973389
362 57.51490521430969
363 57.69859433174133
364 57.84933066368103
365 58.02793860435486
366 58.145575523376465
367 58.30287218093872
368 58.4508376121521
369 58.64274740219116
370 58.80256414413452
371 58.95276594161987
372 59.19419240951538
373 59.36188817024231
374 59.51711368560791
375 59.69566750526428
376 59.87187051773071
377 60.02785086631775
378 60.172136545181274
379 60.35229706764221
380 60.48530435562134
381 60.654290437698364
382 60.8365523815155
383 61.01526594161987
384 61.192322731018066
385 61.3437602519989
386 61.521910429000854
387 61.672242403030396
388 61.82565689086914
389 61.97487497329712
390 62.15208458900452
391 62.302086353302
392 62.45246362686157
393 62.63223910331726
394 62.78187894821167
395 62.93514895439148
396 63.113789796829224
397 63.26241159439087
398 63.41187000274658
399 63.59200382232666
400 63.771936893463135
401 63.92191004753113
402 64.07213687896729
403 64.26032376289368
404 64.41587233543396
405 64.58259344100952
406 64.73284554481506
407 64.91202783584595
408 65.09193587303162
409 65.24247717857361
410 65.40844821929932
411 65.60197448730469
412 65.75177693367004
413 65.93239641189575
414 66.11301445960999
415 66.29249954223633
416 66.47262525558472
417 66.65681648254395
418 66.79305267333984
419 66.95202040672302
420 67.10638523101807
421 67.23661136627197
422 67.40329670906067
423 67.55237221717834
424 67.70870113372803
425 67.91193318367004
426 68.09261775016785
427 68.24323606491089
428 68.39291262626648
429 68.54196548461914
430 68.69180750846863
431 68.84770202636719
432 68.99665403366089
433 69.14182782173157
434 69.27671647071838
435 69.4585952758789
436 69.60353374481201
437 69.75764727592468
438 69.87664651870728
439 70.06146264076233
440 70.20664119720459
441 70.39088106155396
442 70.54459643363953
443 70.68252801895142
444 70.83779263496399
445 71.01637625694275
446 71.19406056404114
447 71.34907150268555
448 71.50138092041016
449 71.68220663070679
450 71.85244822502136
451 71.97184538841248
452 72.12963795661926
453 72.27360248565674
454 72.45830035209656
455 72.6029884815216
456 72.72741770744324
457 72.87199091911316
458 73.02695560455322
459 73.17490124702454
460 73.35388779640198
461 73.47175478935242
462 73.6292233467102
463 73.77372646331787
464 73.9218602180481
465 74.0722885131836
466 74.25675749778748
467 74.40674591064453
468 74.55234169960022
469 74.73843336105347
470 74.88438034057617
471 75.00187420845032
472 75.1850106716156
473 75.33584141731262
474 75.48254251480103
475 75.66810178756714
476 75.81174850463867
477 75.95814490318298
478 76.12132525444031
479 76.29186415672302
480 76.44186735153198
481 76.62479639053345
482 76.77496361732483
483 76.95248293876648
484 77.13775658607483
485 77.3195252418518
486 77.49186086654663
487 77.64185738563538
488 77.79589486122131
489 77.94214701652527
490 78.0727231502533
491 78.21198797225952
492 78.36307859420776
493 78.51335835456848
494 78.66188597679138
495 78.8460590839386
496 78.9626452922821
497 79.14292335510254
498 79.2925968170166
499 79.44708847999573
500 79.59347724914551
501 79.74514293670654
502 79.90244770050049
503 80.04214715957642
504 80.2027587890625
505 80.34195590019226
506 80.52581858634949
507 80.67199444770813
508 80.79217767715454
509 80.94741439819336
510 81.0959620475769
511 81.25243544578552
512 81.42191576957703
513 81.60581278800964
514 81.75471639633179
515 81.9424147605896
516 82.08585119247437
517 82.23624396324158
518 82.38772559165955
519 82.56184935569763
520 82.7119300365448
521 82.89246797561646
522 83.04705858230591
523 83.2253520488739
524 83.37172532081604
525 83.53001856803894
526 83.70513224601746
527 83.88394260406494
528 84.06764841079712
529 84.21281909942627
530 84.36231923103333
531 84.51483273506165
532 84.66270470619202
533 84.78769540786743
534 84.96585011482239
535 85.11749625205994
536 85.2640700340271
537 85.41500759124756
538 85.5619113445282
539 85.74903655052185
540 85.90367460250854
541 86.04233837127686
542 86.19227123260498
543 86.37632966041565
544 86.52503442764282
545 86.67855834960938
546 86.85394144058228
547 87.00310158729553
548 87.12185597419739
549 87.2758276462555
550 87.45176482200623
551 87.63239002227783
552 87.81387329101562
553 87.96207571029663
554 88.1461410522461
555 88.29242157936096
556 88.41801857948303
557 88.59507989883423
558 88.74211740493774
559 88.86238217353821
560 89.04177522659302
561 89.19584488868713
562 89.33301663398743
563 89.48585176467896
564 89.671062707901
565 89.8431921005249
566 90.02358078956604
567 90.17712688446045
568 90.3273253440857
569 90.48075246810913
570 90.59674167633057
571 90.77529048919678
572 90.9246551990509
573 91.07390213012695
574 91.22907018661499
575 91.40460515022278
576 91.55759119987488
577 91.70671248435974
578 91.86175870895386
579 92.00635051727295
580 92.15263938903809
581 92.25254797935486
582 92.43039512634277
583 92.5846688747406
584 92.75371193885803
585 92.9073715209961
586 93.08968377113342
587 93.26271629333496
588 93.44622230529785
589 93.65484023094177
590 93.78459763526917
591 93.92256212234497
592 94.04377150535583
593 94.19804453849792
594 94.3245496749878
595 94.49270296096802
596 94.61731219291687
597 94.7721688747406
598 94.9144561290741
599 95.0679042339325
600 95.22674822807312
601 95.39400053024292
602 95.5720157623291
603 95.7061173915863
604 95.87442135810852
605 96.03262138366699
606 96.17273354530334
607 96.3652777671814
608 96.56499361991882
609 96.71441125869751
610 96.8946259021759
611 97.01374363899231
612 97.16671133041382
613 97.31331586837769
614 97.46643590927124
615 97.58622813224792
616 97.76729369163513
617 97.91263365745544
618 98.06542086601257
619 98.22627472877502
620 98.36880445480347
621 98.54203677177429
622 98.70212030410767
623 98.84700727462769
624 99.0225281715393
625 99.15612816810608
626 99.30731439590454
627 99.4518814086914
628 99.60204935073853
629 99.7555947303772
630 99.93227767944336
631 100.087895154953
632 100.23194098472595
633 100.38708233833313
634 100.53682231903076
635 100.71250104904175
636 100.86257576942444
637 101.06468677520752
638 101.22620463371277
639 101.34940075874329
640 101.4986093044281
641 101.61381340026855
642 101.79542255401611
643 101.94819927215576
644 102.09899473190308
645 102.2436306476593
646 102.42679142951965
647 102.57173681259155
648 102.72373700141907
649 102.87778997421265
650 103.02191400527954
651 103.17199873924255
652 103.32523274421692
653 103.50364756584167
654 103.62233352661133
655 103.78025412559509
656 103.92187738418579
657 104.10480642318726
658 104.25191354751587
659 104.40631127357483
660 104.55981040000916
661 104.70335698127747
662 104.85193729400635
663 105.00806951522827
664 105.15679955482483
665 105.30185317993164
666 105.4613184928894
667 105.57601594924927
668 105.76110005378723
669 105.90193939208984
670 106.03260970115662
671 106.17753076553345
672 106.35220050811768
673 106.50201606750488
674 106.63583755493164
675 106.80172610282898
676 106.95212697982788
677 107.10188722610474
678 107.28465700149536
679 107.46333456039429
680 107.64192414283752
681 107.82467341423035
682 107.94183874130249
683 108.09386658668518
684 108.24418306350708
685 108.42491912841797
686 108.57586765289307
687 108.69640159606934
688 108.84212470054626
689 109.03215265274048
690 109.17188239097595
691 109.34266567230225
692 109.49421977996826
693 109.64295148849487
694 109.80218625068665
695 109.94370746612549
696 110.10842752456665
697 110.25361204147339
698 110.39335703849792
699 110.546053647995
700 110.67580604553223
701 110.8514256477356
702 110.99268388748169
703 111.11293768882751
704 111.26940059661865
705 111.44698238372803
706 111.60270071029663
707 111.77582025527954
708 111.92525434494019
709 112.08862042427063
710 112.22388911247253
711 112.37954068183899
712 112.53634214401245
713 112.73352575302124
714 112.85193419456482
715 113.00664377212524
716 113.15297245979309
717 113.3052430152893
718 113.45191168785095
719 113.6086437702179
720 113.75579404830933
721 113.87442588806152
722 114.0025475025177
723 114.17950963973999
724 114.35269665718079
725 114.50202560424805
726 114.65400791168213
727 114.838463306427
728 114.95321369171143
729 115.10188937187195
730 115.25414299964905
731 115.4094250202179
732 115.55243110656738
733 115.7018940448761
734 115.8879508972168
735 116.03496193885803
736 116.18185901641846
737 116.36468935012817
738 116.52131056785583
739 116.66337895393372
740 116.81196570396423
741 116.99219822883606
742 117.17366600036621
743 117.32367873191833
