1 0.19381952285766602
2 0.40384554862976074
3 0.5776193141937256
4 0.6999595165252686
5 0.8886611461639404
6 1.0616145133972168
7 1.1810970306396484
8 1.334275484085083
9 1.4907057285308838
10 1.57011079788208
11 1.6900577545166016
12 1.8385536670684814
13 1.9576599597930908
14 2.0804057121276855
15 2.199326276779175
16 2.3193185329437256
17 2.4410176277160645
18 2.5895540714263916
19 2.7413086891174316
20 2.8701040744781494
21 2.979707717895508
22 3.0741260051727295
23 3.164626121520996
24 3.2776551246643066
25 3.397691011428833
26 3.5206120014190674
27 3.6180834770202637
28 3.701479196548462
29 3.7921931743621826
30 3.8783857822418213
31 3.9980204105377197
32 4.065176010131836
33 4.14886212348938
34 4.241216659545898
35 4.3312554359436035
36 4.423934698104858
37 4.485697507858276
38 4.572924613952637
39 4.657650947570801
40 4.721182346343994
41 4.782331228256226
42 4.897661447525024
43 4.959294319152832
44 5.024346351623535
45 5.1275928020477295
46 5.2042858600616455
47 5.3036088943481445
48 5.387149095535278
49 5.452495574951172
50 5.540019750595093
51 5.600614309310913
52 5.658844709396362
53 5.746654033660889
54 5.806314945220947
55 5.865106582641602
56 5.950672149658203
57 6.045241355895996
58 6.098377704620361
59 6.191212892532349
60 6.258228540420532
61 6.343652248382568
62 6.4089133739471436
63 6.502916574478149
64 6.586772203445435
65 6.674936056137085
66 6.735336065292358
67 6.848422288894653
68 6.938254356384277
69 7.003267288208008
70 7.092655897140503
71 7.194652557373047
72 7.2783403396606445
73 7.3387367725372314
74 7.40362286567688
75 7.486690044403076
76 7.546647310256958
77 7.63770866394043
78 7.754891395568848
79 7.839950084686279
80 7.961705207824707
81 8.059875249862671
82 8.17482876777649
83 8.23819875717163
84 8.32731556892395
85 8.438454151153564
86 8.561139583587646
87 8.654826164245605
88 8.778385639190674
89 8.87065076828003
90 8.954797983169556
91 9.07701826095581
92 9.162828922271729
93 9.280654907226562
94 9.371782779693604
95 9.493131875991821
96 9.61751675605774
97 9.701251029968262
98 9.796761512756348
99 9.856704235076904
100 9.971128463745117
101 10.063684463500977
102 10.180633544921875
103 10.299302577972412
104 10.371780395507812
105 10.485719919204712
106 10.581138610839844
107 10.665408611297607
108 10.757773399353027
109 10.87148380279541
110 10.959918022155762
111 11.111308097839355
112 11.23948860168457
113 11.326903104782104
114 11.446182489395142
115 11.567660331726074
116 11.650820970535278
117 11.742918491363525
118 11.832691192626953
119 11.890796899795532
120 11.986580610275269
121 12.111385583877563
122 12.200846672058105
123 12.295878410339355
124 12.4056077003479
125 12.522892236709595
126 12.647637367248535
127 12.761144399642944
128 12.856065511703491
129 12.978308200836182
130 13.093145608901978
131 13.215212106704712
132 13.334587812423706
133 13.453337669372559
134 13.538166284561157
135 13.633463859558105
136 13.755603551864624
137 13.84055781364441
138 13.944711685180664
139 14.055545806884766
140 14.150792837142944
141 14.262695789337158
142 14.358641147613525
143 14.476389408111572
144 14.565662860870361
145 14.68572449684143
146 14.797597646713257
147 14.89240574836731
148 15.008167505264282
149 15.118365287780762
150 15.190911769866943
151 15.278446674346924
152 15.3750741481781
153 15.466810703277588
154 15.584904670715332
155 15.667903423309326
156 15.763004302978516
157 15.880371332168579
158 16.002113103866577
159 16.118178844451904
160 16.24251937866211
161 16.35891628265381
162 16.448585510253906
163 16.571845054626465
164 16.66677236557007
165 16.74763774871826
166 16.81389021873474
167 16.928009510040283
168 17.020856857299805
169 17.088058710098267
170 17.203235387802124
171 17.287529945373535
172 17.37870192527771
173 17.468522548675537
174 17.588374376296997
175 17.674490928649902
176 17.770467042922974
177 17.86885643005371
178 17.98554754257202
179 18.047954082489014
180 18.157729148864746
181 18.259827136993408
182 18.338401079177856
183 18.433676719665527
184 18.519753217697144
185 18.586876392364502
186 18.674779176712036
187 18.78876543045044
188 18.878671407699585
189 18.9707510471344
190 19.063047647476196
191 19.180010080337524
192 19.267643690109253
193 19.360705614089966
194 19.480406761169434
195 19.573745250701904
196 19.660648584365845
197 19.7495014667511
198 19.838147163391113
199 19.906648874282837
200 20.017923831939697
201 20.10836410522461
202 20.198129653930664
203 20.265326261520386
204 20.35867738723755
205 20.457632303237915
206 20.566221714019775
207 20.677654266357422
208 20.768929958343506
209 20.896846771240234
210 20.978951930999756
211 21.09693670272827
212 21.158778190612793
213 21.27775478363037
214 21.39941668510437
215 21.4905424118042
216 21.609678030014038
217 21.69962167739868
218 21.7912859916687
219 21.88474726676941
220 21.997588872909546
221 22.09224510192871
222 22.205500602722168
223 22.298095226287842
224 22.417672157287598
225 22.5113787651062
226 22.627920627593994
227 22.728920936584473
228 22.850699186325073
229 22.951980113983154
230 23.020875692367554
231 23.10856866836548
232 23.227919340133667
233 23.320847988128662
234 23.384983777999878
235 23.50437331199646
236 23.590253591537476
237 23.738221883773804
238 23.798086166381836
239 23.88845443725586
240 24.013551712036133
241 24.10136127471924
242 24.217563152313232
243 24.337522745132446
244 24.410470485687256
245 24.49414825439453
246 24.582753658294678
247 24.697767972946167
248 24.788332223892212
249 24.882817029953003
250 24.945587396621704
251 25.05905270576477
252 25.14976143836975
253 25.243343830108643
254 25.36368751525879
255 25.44832706451416
256 25.56906747817993
257 25.717628717422485
258 25.84105110168457
259 25.99009656906128
260 26.17090606689453
261 26.283857345581055
262 26.40063500404358
263 26.502450704574585
264 26.653584718704224
265 26.79897713661194
266 26.920417547225952
267 27.037675142288208
268 27.160706043243408
269 27.279320001602173
270 27.398228645324707
271 27.490158319473267
272 27.613065719604492
273 27.75884175300598
274 27.87822937965393
275 27.998183965682983
276 28.123108863830566
277 28.2718186378479
278 28.397605419158936
279 28.50788950920105
280 28.62777280807495
281 28.747649431228638
282 28.872578620910645
283 28.988316774368286
284 29.112476348876953
285 29.24153232574463
286 29.35558009147644
287 29.474868535995483
288 29.593688249588013
289 29.71506905555725
290 29.82959246635437
291 29.948734521865845
292 30.067665338516235
293 30.217650651931763
294 30.343557834625244
295 30.494810104370117
296 30.58596682548523
297 30.698484420776367
298 30.811076402664185
299 30.941988468170166
300 31.05782985687256
301 31.1775221824646
302 31.297605752944946
303 31.4195237159729
304 31.571399927139282
305 31.689995765686035
306 31.807999849319458
307 31.928282737731934
308 32.056307315826416
309 32.17373609542847
310 32.26344084739685
311 32.38062644004822
312 32.497751235961914
313 32.592676639556885
314 32.71180605888367
315 32.829310178756714
316 32.91891860961914
317 33.039581298828125
318 33.12781286239624
319 33.22131872177124
320 33.330726623535156
321 33.41179585456848
322 33.49110007286072
323 33.58858609199524
324 33.66915583610535
325 33.757664918899536
326 33.848021268844604
327 33.97227430343628
328 34.09007740020752
329 34.17838478088379
330 34.27444362640381
331 34.33611273765564
332 34.3973114490509
333 34.48103642463684
334 34.56862950325012
335 34.68812155723572
336 34.782814264297485
337 34.89955449104309
338 34.98316168785095
339 35.05551028251648
340 35.1467924118042
341 35.2076780796051
342 35.2663209438324
343 35.32432460784912
344 35.40797829627991
345 35.53415584564209
346 35.64330792427063
347 35.758264780044556
348 35.87859082221985
349 36.00712728500366
350 36.10572552680969
351 36.25190496444702
352 36.360124826431274
353 36.48121190071106
354 36.61275315284729
355 36.71934127807617
356 36.839173555374146
357 36.99300527572632
358 37.120041847229004
359 37.24098801612854
360 37.381468296051025
361 37.501057624816895
362 37.62638783454895
363 37.74818515777588
364 37.87103033065796
365 37.98275089263916
366 38.109225034713745
367 38.248295307159424
368 38.37127900123596
369 38.508710622787476
370 38.617961406707764
371 38.73473286628723
372 38.855610847473145
373 38.9779748916626
374 39.09314513206482
375 39.209264278411865
376 39.35966110229492
377 39.48977971076965
378 39.635456800460815
379 39.78338551521301
380 39.898176431655884
381 40.04827690124512
382 40.17620515823364
383 40.270419120788574
384 40.378249168395996
385 40.50950050354004
386 40.62567400932312
387 40.77188420295715
388 40.88838243484497
389 41.02380561828613
390 41.13352179527283
391 41.25625443458557
392 41.4045991897583
393 41.52795934677124
394 41.64103102684021
395 41.74039268493652
396 41.85596251487732
397 41.98049855232239
398 42.09639310836792
399 42.21636152267456
400 42.35812258720398
401 42.483893156051636
402 42.61311173439026
403 42.70626378059387
404 42.83921837806702
405 42.95891618728638
406 43.09789061546326
407 43.2081081867218
408 43.3011839389801
409 43.41707468032837
410 43.533090353012085
411 43.65670990943909
412 43.77799582481384
413 43.89175629615784
414 44.01575565338135
415 44.13359546661377
416 44.253732204437256
417 44.37979030609131
418 44.503766775131226
419 44.612175941467285
420 44.763416051864624
421 44.88015151023865
422 44.98274850845337
423 45.09811472892761
424 45.223302602767944
425 45.33828854560852
426 45.49126577377319
427 45.61967492103577
428 45.76560974121094
429 45.890085220336914
430 45.97850823402405
431 46.12813377380371
432 46.245997190475464
433 46.36848020553589
434 46.451332569122314
435 46.57493233680725
436 46.703251361846924
437 46.814671993255615
438 46.929519176483154
439 47.05425429344177
440 47.18562722206116
441 47.29862594604492
442 47.41230320930481
443 47.53776931762695
444 47.67880964279175
445 47.80555844306946
446 47.89520716667175
447 48.06770157814026
448 48.189351081848145
449 48.31085824966431
450 48.44449543952942
451 48.56270980834961
452 48.704561948776245
453 48.849515438079834
454 48.97092628479004
455 49.09620785713196
456 49.27206873893738
457 49.3881573677063
458 49.51662564277649
459 49.636632204055786
460 49.75086808204651
461 49.87028121948242
462 50.01757192611694
463 50.10873079299927
464 50.23208785057068
465 50.35501527786255
466 50.47719955444336
467 50.59585666656494
468 50.739766120910645
469 50.86292600631714
470 50.98676800727844
471 51.103522300720215
472 51.219478130340576
473 51.34371614456177
474 51.46852779388428
475 51.58533239364624
476 51.67940092086792
477 51.796438694000244
478 51.91188049316406
479 52.03581261634827
480 52.14905095100403
481 52.28809976577759
482 52.39050221443176
483 52.457513093948364
484 52.5513391494751
485 52.659621238708496
486 52.7496976852417
487 52.84311819076538
488 52.920145988464355
489 53.02414131164551
490 53.107784032821655
491 53.19827938079834
492 53.278172969818115
493 53.380767822265625
494 53.47460579872131
495 53.56269192695618
496 53.649596214294434
497 53.74520206451416
498 53.829370737075806
499 53.9235680103302
500 54.011502504348755
501 54.10051345825195
502 54.18806791305542
503 54.248374938964844
504 54.34116053581238
505 54.45025444030762
506 54.55260133743286
507 54.64301800727844
508 54.734801292419434
509 54.850340843200684
510 54.93866205215454
511 55.03234791755676
512 55.11776089668274
513 55.20844888687134
514 55.33022379875183
515 55.449236154556274
516 55.55786991119385
517 55.68533134460449
518 55.80181837081909
519 55.91966009140015
520 56.038285970687866
521 56.158406019210815
522 56.24997663497925
523 56.34821438789368
524 56.470091819763184
525 56.525988817214966
526 56.61820387840271
527 56.70821571350098
528 56.83323073387146
529 56.93850564956665
530 57.03837537765503
531 57.155091524124146
532 57.2772912979126
533 57.37355422973633
534 57.458476543426514
535 57.5714373588562
536 57.66260290145874
537 57.73475122451782
538 57.849756479263306
539 57.94224762916565
540 58.08149075508118
541 58.16831398010254
542 58.287392377853394
543 58.36569333076477
544 58.502219438552856
545 58.60571265220642
546 58.67769265174866
547 58.799073696136475
548 58.867011308670044
549 58.93776988983154
550 59.05437898635864
551 59.14521026611328
552 59.28232002258301
553 59.375460386276245
554 59.4577271938324
555 59.53301167488098
556 59.64143252372742
557 59.72217679023743
558 59.84916639328003
559 59.95154881477356
560 60.04273724555969
561 60.177539348602295
562 60.254215240478516
563 60.342957735061646
564 60.432923555374146
565 60.538703203201294
566 60.61545205116272
567 60.729180574417114
568 60.81865477561951
569 60.94299387931824
570 61.04762816429138
571 61.15614342689514
572 61.25758671760559
573 61.34814763069153
574 61.451212882995605
575 61.54440450668335
576 61.66321778297424
577 61.815630197525024
578 61.90219783782959
579 62.021337270736694
580 62.1476469039917
581 62.23366403579712
582 62.36767077445984
583 62.44271779060364
584 62.5812041759491
585 62.68475389480591
586 62.80468440055847
587 62.90764331817627
588 63.00628447532654
589 63.07302141189575
590 63.17770266532898
591 63.29792833328247
592 63.37693810462952
593 63.46040654182434
594 63.55979657173157
595 63.66816210746765
596 63.72881507873535
597 63.84003758430481
598 63.95822787284851
599 64.05991911888123
600 64.15798664093018
601 64.24923205375671
602 64.36473202705383
603 64.4813449382782
604 64.56174516677856
605 64.66191983222961
606 64.781564950943
607 64.88065528869629
608 64.96685242652893
609 65.05597853660583
610 65.15757131576538
611 65.26518058776855
612 65.38445472717285
613 65.47321057319641
614 65.53312015533447
615 65.65623641014099
616 65.77222681045532
617 65.87734127044678
618 65.98165154457092
619 66.07835745811462
620 66.16188335418701
621 66.24925494194031
622 66.34402060508728
623 66.43299961090088
624 66.50064301490784
625 66.62268424034119
626 66.73256373405457
627 66.82207894325256
628 66.88791465759277
629 67.00944209098816
630 67.11922883987427
631 67.27354884147644
632 67.33296871185303
633 67.46016216278076
634 67.5459623336792
635 67.66470193862915
636 67.75662851333618
637 67.8508653640747
638 67.93413186073303
639 68.04839038848877
640 68.19898962974548
641 68.29208087921143
642 68.40936803817749
643 68.53883194923401
644 68.65324902534485
645 68.77192068099976
646 68.86394047737122
647 68.98409080505371
648 69.10765433311462
649 69.22094559669495
650 69.37000393867493
651 69.49635624885559
652 69.6757025718689
653 69.82183384895325
654 70.03455114364624
655 70.23877787590027
656 70.41881203651428
657 70.6314845085144
658 70.809157371521
659 70.9629123210907
660 71.13965582847595
661 71.29089164733887
662 71.44093823432922
663 71.59516048431396
664 71.73845505714417
665 71.85810780525208
666 71.97772192955017
667 72.10679054260254
668 72.23099184036255
669 72.33900594711304
670 72.46484208106995
671 72.55618095397949
672 72.67333769798279
673 72.82601833343506
674 72.93985152244568
675 73.09392023086548
676 73.2105131149292
677 73.32816171646118
678 73.45002293586731
679 73.56755757331848
680 73.6880316734314
681 73.81205153465271
682 73.93454837799072
683 74.08132195472717
684 74.20122456550598
685 74.35396242141724
686 74.56040716171265
687 74.77006411552429
688 75.0127444267273
689 75.2482476234436
690 75.4605815410614
691 75.69771599769592
692 75.9205949306488
693 76.12324500083923
694 76.34071016311646
695 76.54224061965942
696 76.71796321868896
697 76.89884829521179
698 77.07811903953552
699 77.25923109054565
700 77.44686102867126
701 77.58761548995972
702 77.76767873764038
703 77.95600914955139
704 78.09904146194458
705 78.29029893875122
706 78.45835995674133
707 78.63820505142212
708 78.8228371143341
709 78.99974989891052
710 79.18125796318054
711 79.33432793617249
712 79.53807377815247
713 79.71824836730957
714 79.90235662460327
715 80.07873606681824
716 80.26146507263184
717 80.44299483299255
718 80.621422290802
719 80.80355978012085
720 81.00916385650635
721 81.15870785713196
722 81.33776950836182
723 81.49065828323364
724 81.6677656173706
725 81.85148453712463
726 82.03813934326172
727 82.21488809585571
728 82.35852432250977
729 82.54477667808533
730 82.6878890991211
731 82.83788442611694
732 82.99644827842712
733 83.1382851600647
734 83.32104778289795
735 83.46783137321472
736 83.59351754188538
737 83.73760914802551
738 83.86794805526733
739 84.00771737098694
740 84.13198733329773
741 84.24773859977722
742 84.3718273639679
743 84.51967597007751
744 84.63972663879395
745 84.75808763504028
746 84.88095378875732
747 85.00248265266418
748 85.11763787269592
749 85.27920055389404
750 85.38780307769775
751 85.51634049415588
752 85.60202503204346
753 85.72331595420837
754 85.83883929252625
755 85.94775104522705
756 86.08219027519226
757 86.20144605636597
758 86.29441118240356
759 86.40825057029724
760 86.56144452095032
761 86.68108129501343
762 86.80077648162842
763 86.91906380653381
764 87.03920125961304
765 87.15775394439697
766 87.27173352241516
767 87.36995267868042
768 87.48820376396179
769 87.64375162124634
770 87.76964282989502
771 87.88866233825684
772 88.00394296646118
773 88.12819695472717
774 88.24074268341064
775 88.3638505935669
776 88.48373341560364
777 88.60498857498169
778 88.71807932853699
779 88.8410234451294
780 88.96803951263428
781 89.08289384841919
782 89.1708664894104
783 89.29801368713379
784 89.37853932380676
785 89.49973034858704
786 89.62844824790955
787 89.71956062316895
788 89.83196306228638
789 89.91936755180359
790 90.0426778793335
791 90.16057753562927
792 90.29066228866577
793 90.3787853717804
794 90.46804881095886
795 90.6083505153656
796 90.70227909088135
797 90.81865882873535
798 90.89043068885803
799 90.9747166633606
800 91.06632828712463
801 91.12639904022217
802 91.19063353538513
803 91.33529567718506
804 91.4286367893219
805 91.51187014579773
806 91.6015510559082
807 91.66675567626953
808 91.78315806388855
809 91.87366580963135
810 91.97132706642151
811 92.05242085456848
812 92.11421465873718
813 92.17487001419067
814 92.23478031158447
815 92.33063745498657
816 92.44180989265442
817 92.53272938728333
818 92.62787890434265
819 92.69467258453369
820 92.81125974655151
821 92.89436101913452
822 92.9892270565033
823 93.11271071434021
824 93.22672510147095
825 93.31945586204529
826 93.40529298782349
827 93.53793048858643
828 93.58499526977539
829 93.67488694190979
830 93.79583764076233
831 93.91564536094666
832 94.06077456474304
833 94.18606495857239
834 94.30330896377563
835 94.42253232002258
836 94.54105067253113
837 94.63663816452026
838 94.75549292564392
839 94.86814856529236
840 94.99204063415527
841 95.11357545852661
842 95.23146176338196
843 95.32436323165894
844 95.46347165107727
845 95.56148409843445
846 95.65154528617859
847 95.75856614112854
848 95.86102771759033
849 95.96764135360718
850 96.07113766670227
851 96.15901947021484
852 96.25361800193787
853 96.31974411010742
854 96.44758415222168
855 96.52620792388916
856 96.62767052650452
857 96.73555445671082
858 96.8273446559906
859 96.94975233078003
860 97.0502290725708
861 97.12248182296753
862 97.18621301651001
863 97.27670240402222
864 97.39460468292236
865 97.48820471763611
866 97.58037638664246
867 97.70756196975708
868 97.78611207008362
869 97.90938258171082
870 97.96875333786011
871 98.08424663543701
872 98.20281171798706
873 98.3107042312622
874 98.38634014129639
875 98.44118738174438
876 98.51849246025085
877 98.62461876869202
878 98.76632285118103
879 98.8398802280426
880 98.95535802841187
881 99.07480239868164
882 99.17272973060608
883 99.26768136024475
884 99.32931160926819
885 99.44767999649048
886 99.52294445037842
887 99.6149275302887
888 99.73878979682922
889 99.86767482757568
890 99.97620916366577
891 100.07795691490173
892 100.18271279335022
893 100.32672786712646
894 100.42983341217041
895 100.52851486206055
896 100.63251519203186
897 100.75678706169128
898 100.88769221305847
899 100.97802352905273
900 101.07184290885925
901 101.1489942073822
902 101.2362630367279
903 101.35255146026611
904 101.47180604934692
905 101.59049963951111
906 101.71336650848389
907 101.78810906410217
908 101.89963507652283
909 101.95947766304016
910 102.05903506278992
911 102.13555240631104
912 102.25542283058167
913 102.34002494812012
914 102.44827032089233
915 102.55316114425659
916 102.64478659629822
917 102.71839022636414
918 102.80083513259888
919 102.89784598350525
920 103.00260829925537
921 103.06582450866699
922 103.18482995033264
923 103.29144358634949
924 103.38535690307617
925 103.47904372215271
926 103.55817222595215
927 103.66134285926819
928 103.72058391571045
929 103.80834364891052
930 103.91766953468323
931 104.03110218048096
932 104.13012194633484
933 104.23400974273682
934 104.35635828971863
935 104.45320630073547
936 104.50812888145447
937 104.63767099380493
938 104.73212575912476
939 104.83718943595886
940 104.9544472694397
941 105.07304072380066
942 105.20953798294067
943 105.28118443489075
944 105.40126276016235
945 105.49247169494629
946 105.61521577835083
947 105.70455765724182
948 105.8240818977356
949 105.92040610313416
950 106.0368754863739
951 106.15878987312317
952 106.27066111564636
953 106.3327054977417
954 106.48146939277649
955 106.57679557800293
956 106.70064616203308
957 106.78570437431335
958 106.84612250328064
959 106.95762014389038
960 107.05148601531982
961 107.16854190826416
962 107.22941017150879
963 107.32608795166016
964 107.44253873825073
965 107.53405094146729
966 107.63177633285522
967 107.72394752502441
968 107.80873465538025
969 107.92536783218384
970 108.0117130279541
971 108.07497334480286
972 108.19284749031067
973 108.31131649017334
974 108.44134259223938
975 108.53081464767456
976 108.61137819290161
977 108.70680928230286
978 108.79887247085571
979 108.93791079521179
980 109.03710699081421
981 109.16502094268799
982 109.27595615386963
983 109.36433386802673
984 109.48229193687439
985 109.57032179832458
986 109.6700005531311
987 109.75401639938354
988 109.8755156993866
989 109.96816563606262
990 110.06190371513367
991 110.14667272567749
992 110.23454880714417
993 110.32697987556458
994 110.43989062309265
995 110.53574419021606
996 110.65893268585205
997 110.7755274772644
998 110.87058520317078
999 110.93099880218506
1000 111.01526403427124
1001 111.0775830745697
1002 111.16559314727783
1003 111.25612998008728
1004 111.3581268787384
1005 111.46772265434265
1006 111.55633544921875
1007 111.65202689170837
1008 111.73689699172974
1009 111.8249864578247
1010 111.91228318214417
1011 112.0028965473175
1012 112.08946704864502
1013 112.2160632610321
1014 112.30679726600647
1015 112.43203544616699
1016 112.55036902427673
1017 112.67007493972778
1018 112.7827718257904
1019 112.87428951263428
1020 112.96348977088928
1021 113.07799959182739
1022 113.20279049873352
1023 113.33188962936401
1024 113.4115571975708
1025 113.52814269065857
1026 113.64926409721375
1027 113.74568629264832
1028 113.88861775398254
1029 113.9975848197937
1030 114.10562300682068
1031 114.19161033630371
1032 114.29992055892944
1033 114.42819356918335
1034 114.52373456954956
1035 114.61467385292053
1036 114.73413586616516
1037 114.84763431549072
1038 114.93993639945984
1039 115.0104022026062
1040 115.1182599067688
1041 115.20839333534241
1042 115.3525915145874
1043 115.4521713256836
1044 115.56823420524597
1045 115.65836381912231
1046 115.80875182151794
1047 115.90191793441772
1048 115.9892270565033
1049 116.07850074768066
1050 116.20649147033691
1051 116.3092885017395
1052 116.40836763381958
1053 116.52752113342285
1054 116.62679433822632
1055 116.70813584327698
1056 116.82818651199341
1057 116.91902184486389
1058 117.0420343875885
1059 117.13035202026367
1060 117.2434549331665
1061 117.3462278842926
1062 117.43051624298096
1063 117.51900291442871
1064 117.60817337036133
