1 0.32842350006103516
2 0.723484992980957
3 1.0478873252868652
4 1.2632830142974854
5 1.4979076385498047
6 1.7386906147003174
7 2.007749557495117
8 2.282222270965576
9 2.549099922180176
10 2.8232579231262207
11 3.057586431503296
12 3.32904314994812
13 3.5676348209381104
14 3.839914083480835
15 4.108084201812744
16 4.381053686141968
17 4.621546030044556
18 4.918431520462036
19 5.158599853515625
20 5.42770528793335
21 5.6681530475616455
22 5.938172817230225
23 6.1824257373809814
24 6.423606872558594
25 6.6575846672058105
26 6.928042650222778
27 7.2056474685668945
28 7.472232818603516
29 7.717329740524292
30 7.952406883239746
31 8.208743333816528
32 8.458215713500977
33 8.67385196685791
34 8.909188747406006
35 9.14958930015564
36 9.426791429519653
37 9.658610582351685
38 9.932611465454102
39 10.20443844795227
40 10.438469886779785
41 10.678110837936401
42 10.92604112625122
43 11.157792091369629
44 11.432728290557861
45 11.679180145263672
46 11.908178329467773
47 12.149885416030884
48 12.392032384872437
49 12.659199237823486
50 12.930464506149292
51 13.168414831161499
52 13.444904804229736
53 13.677684783935547
54 13.922281742095947
55 14.158279418945312
56 14.401811122894287
57 14.640473127365112
58 14.90837025642395
59 15.149707078933716
60 15.444287776947021
61 15.692348718643188
62 15.93424654006958
63 16.207331657409668
64 16.445114850997925
65 16.71126627922058
66 16.949055433273315
67 17.22129464149475
68 17.491652965545654
69 17.72998571395874
70 17.971190690994263
71 18.212276935577393
72 18.4878888130188
73 18.724973678588867
74 18.997942447662354
75 19.19817876815796
76 19.47700262069702
77 19.678892850875854
78 19.938669681549072
79 20.16077470779419
80 20.371012449264526
81 20.61057472229004
82 20.878990173339844
83 21.124078512191772
84 21.36302161216736
85 21.60470414161682
86 21.87345051765442
87 22.112846612930298
88 22.354835987091064
89 22.619758129119873
90 22.860884428024292
91 23.099073886871338
92 23.34158492088318
93 23.610169410705566
94 23.884947299957275
95 24.125475883483887
96 24.361451148986816
97 24.6055588722229
98 24.871593952178955
99 25.138066291809082
100 25.40821146965027
101 25.678632736206055
102 25.93433141708374
103 26.182366847991943
104 26.43093776702881
105 26.6676025390625
106 26.913957595825195
107 27.14800238609314
108 27.419540643692017
109 27.65815305709839
110 27.933072566986084
111 28.204335689544678
112 28.47493577003479
113 28.774905681610107
114 29.00812530517578
115 29.255799293518066
116 29.491644859313965
117 29.762122631072998
118 30.040940046310425
119 30.331176042556763
120 30.602051973342896
121 30.83484148979187
122 31.077266216278076
123 31.34431743621826
124 31.608570337295532
125 31.908565044403076
126 32.23816990852356
127 32.477858781814575
128 32.71774387359619
129 32.95769739151001
130 33.14430475234985
131 33.4378182888031
132 33.71409225463867
133 33.95141530036926
134 34.22137951850891
135 34.48777508735657
136 34.73078799247742
137 34.97257351875305
138 35.20844864845276
139 35.45148849487305
140 35.70404529571533
141 35.9582679271698
142 36.178215980529785
143 36.43829321861267
144 36.679970502853394
145 36.95770740509033
146 37.220048666000366
147 37.43160319328308
148 37.76105737686157
149 38.0305655002594
150 38.24561619758606
151 38.51450443267822
152 38.84064245223999
153 39.050551414489746
154 39.29257273674011
155 39.59351420402527
156 39.835360527038574
157 40.10919761657715
158 40.339930295944214
159 40.61775469779968
160 40.89055895805359
161 41.130024909973145
162 41.34054756164551
163 41.58227610588074
164 41.84933423995972
165 42.0884428024292
166 42.33157539367676
167 42.602246046066284
168 42.84209895133972
169 43.07798171043396
170 43.35343360900879
171 43.58807849884033
172 43.858720541000366
173 44.097742795944214
174 44.33955907821655
175 44.610933780670166
176 44.85061311721802
177 45.1480770111084
178 45.39584922790527
179 45.63034391403198
180 45.90260148048401
181 46.1711151599884
182 46.41240119934082
183 46.681008100509644
184 46.948830366134644
185 47.18821167945862
186 47.42772150039673
187 47.66849184036255
188 47.91808724403381
189 48.15293002128601
190 48.420783281326294
191 48.65832877159119
192 48.93590474128723
193 49.197789669036865
194 49.44725775718689
195 49.708967447280884
196 49.94999098777771
197 50.158565282821655
198 50.42808723449707
199 50.66799020767212
200 50.910400390625
201 51.14927387237549
202 51.39328050613403
203 51.63232111930847
204 51.87165856361389
205 52.10863399505615
206 52.35530662536621
207 52.59224557876587
208 52.83107089996338
209 53.06826043128967
210 53.314288854599
211 53.548216104507446
212 53.81846904754639
213 54.062190532684326
214 54.32780480384827
215 54.57344651222229
216 54.87123966217041
217 55.10837268829346
218 55.348159313201904
219 55.62214159965515
220 55.86159348487854
221 56.13510775566101
222 56.36882567405701
223 56.640931129455566
224 56.943581342697144
225 57.18257212638855
226 57.457659006118774
227 57.71925973892212
228 57.99346399307251
229 58.205487966537476
230 58.47741723060608
231 58.73752999305725
232 58.9843111038208
233 59.222840547561646
234 59.469005823135376
235 59.73206377029419
236 60.000669956207275
237 60.269147872924805
238 60.509055852890015
239 60.75136423110962
240 60.996899366378784
241 61.260090351104736
242 61.56615710258484
243 61.82765054702759
244 62.104254722595215
245 62.39769411087036
246 62.638689041137695
247 62.882357120513916
248 63.14767837524414
249 63.35764241218567
250 63.63333249092102
251 63.898250341415405
252 64.18138885498047
253 64.40891218185425
254 64.68568825721741
255 64.91794037818909
256 65.15901112556458
257 65.39962196350098
258 65.66989803314209
259 65.93815612792969
260 66.21215581893921
261 66.4503026008606
262 66.69082069396973
263 66.92916440963745
264 67.18930077552795
265 67.4107666015625
266 67.68357443809509
267 67.95620393753052
268 68.22259473800659
269 68.49447917938232
270 68.73808360099792
271 69.03081965446472
272 69.28795504570007
273 69.51501154899597
274 69.750244140625
275 70.02953338623047
276 70.26777410507202
277 70.53519177436829
278 70.84380221366882
279 71.07048153877258
280 71.31071925163269
281 71.55113816261292
282 71.79272866249084
283 72.02814602851868
284 72.3297905921936
285 72.53938603401184
286 72.79120302200317
287 73.05556440353394
288 73.29290199279785
289 73.56129026412964
290 73.83046507835388
291 74.09863591194153
292 74.3676688671112
293 74.64169311523438
294 74.8776376247406
295 75.12046384811401
296 75.39065432548523
297 75.63035845756531
298 75.86811137199402
299 76.10954546928406
300 76.34789657592773
301 76.62445616722107
302 76.88811874389648
303 77.13162660598755
304 77.36881709098816
305 77.61393976211548
306 77.84899425506592
307 78.11846947669983
308 78.32813882827759
309 78.60067939758301
310 78.87202191352844
311 79.14938426017761
312 79.35403490066528
313 79.6504590511322
314 79.9202675819397
315 80.16672778129578
316 80.42836213111877
317 80.67300319671631
318 80.93924856185913
319 81.21397042274475
320 81.45577764511108
321 81.71767520904541
322 81.94010210037231
323 82.26270699501038
324 82.53100490570068
325 82.80058860778809
326 83.09875631332397
327 83.34733605384827
328 83.61124110221863
329 83.88156318664551
330 84.12044835090637
331 84.38765788078308
332 84.62756276130676
333 84.8699312210083
334 85.11003518104553
335 85.35498571395874
336 85.6602430343628
337 85.88964772224426
338 86.14054298400879
339 86.3720371723175
340 86.61674404144287
341 86.9085009098053
342 87.15282011032104
343 87.42157411575317
344 87.66607403755188
345 87.8983097076416
346 88.13837313652039
347 88.40869092941284
348 88.71173214912415
349 88.92074942588806
350 89.19321727752686
351 89.43019986152649
352 89.67643308639526
353 89.91061878204346
354 90.18063426017761
355 90.48142266273499
356 90.71964907646179
357 90.99094104766846
358 91.25382947921753
359 91.4979407787323
360 91.74154019355774
361 92.00799441337585
362 92.31011772155762
363 92.55055284500122
364 92.79579281806946
365 93.09741163253784
366 93.3288221359253
367 93.60467982292175
368 93.84651708602905
369 94.14145970344543
370 94.38190960884094
371 94.64833784103394
372 94.91956448554993
373 95.16249489784241
374 95.43006086349487
375 95.67526245117188
376 95.94346332550049
377 96.17846345901489
378 96.45006155967712
379 96.72637367248535
380 97.01907873153687
381 97.25902819633484
382 97.52818393707275
383 97.77399063110352
384 98.04281616210938
385 98.31677317619324
386 98.5519163608551
387 98.8544430732727
388 99.08913660049438
389 99.3337152004242
390 99.6061806678772
391 99.84946513175964
392 100.10792136192322
393 100.39102840423584
394 100.6676733493805
395 100.90938878059387
396 101.18433260917664
397 101.42081189155579
398 101.71763634681702
399 101.9576313495636
400 102.19868636131287
401 102.47651410102844
402 102.70829725265503
403 102.95362591743469
404 103.21805429458618
405 103.45933628082275
406 103.72772002220154
407 103.9698576927185
408 104.23790669441223
409 104.51241445541382
410 104.78286838531494
411 105.0237979888916
412 105.28814482688904
413 105.53051114082336
414 105.7977077960968
415 106.03914618492126
416 106.27793025970459
417 106.5175940990448
418 106.78774213790894
419 107.06221985816956
420 107.30164623260498
421 107.53804564476013
422 107.80766010284424
423 108.07973217964172
424 108.35000419616699
425 108.59715843200684
426 108.80262112617493
427 109.0863983631134
428 109.36906671524048
429 109.62764048576355
430 109.87815284729004
431 110.11802291870117
432 110.35888528823853
433 110.61142420768738
434 110.87067818641663
435 111.13835668563843
436 111.40876340866089
437 111.66020822525024
438 111.92115926742554
439 112.18974137306213
440 112.43170189857483
441 112.70817708969116
442 112.9676411151886
443 113.27086400985718
444 113.50788426399231
445 113.72036385536194
446 113.96297121047974
447 114.22818088531494
448 114.52764439582825
449 114.77167630195618
450 115.03758764266968
451 115.3130259513855
452 115.54793787002563
453 115.81782484054565
454 116.05856800079346
455 116.33124136924744
456 116.59818863868713
457 116.86828756332397
458 117.11005926132202
459 117.38007020950317
460 117.65007281303406
461 117.92021489143372
